,index,No,Id,Type,Secteur,Largeur,Hauteur,Soudure,Peinture,Finition,Setup,Finition_Long,No_Palette,random,index_reset,group
0,48,C-3312-1159-A49,1159,Retour,1,43.0,114.0,100,3.5185185185185186,5,0,0,,3,0,1
1,41,C-3312-1144-A49,1144,Retour,1,43.0,165.0,100,5.092592592592593,5,0,0,,13,1,1
2,51,C-3312-1165-A1,1165,Mur,1,12.1875,114.0,55,3.5185185185185186,25,0,0,,26,2,1
3,119,C-3312-1341-A112,1341,Plafond,1,42.4375,84.75,50,2.615740740740741,10,0,0,,32,3,1
6,19,C-3312-1110-A1,1110,Mur,1,9.0,114.0,45,3.5185185185185186,10,0,0,,41,6,1
4,86,C-3312-1321-A1,1321,Mur,1,43.0,96.0,20,2.9629629629629632,5,0,0,,39,4,1
5,100,C-3312-1330-A1,1330,Mur,1,43.0,88.1875,20,2.7218364197530867,5,0,0,,40,5,1
7,43,C-3312-1146-A1,1146,Mur,1,43.0,165.0,115,5.092592592592593,65,0,0,,56,7,2
9,12,C-3312-1098-A1,1098,Mur,1,43.0,114.0,105,3.5185185185185186,50,0,0,,76,9,2
13,28,C-3312-1123-A1,1123,Mur,1,43.0,114.0,75,3.5185185185185186,30,0,0,,125,13,2
11,99,C-3312-1329-A112,1329,Plafond,1,43.0,88.1875,60,2.7218364197530867,25,0,1,,114,11,2
10,64,C-3312-1307-A112,1307,Plafond,1,43.0,70.25,50,2.16820987654321,10,0,0,,77,10,2
12,37,C-3312-1132-A8,1132,Mur,1,43.0,51.0,45,1.5740740740740742,10,0,0,,118,12,2
8,63,C-3312-1307-A1,1307,Mur,1,43.0,70.25,20,2.16820987654321,5,0,0,,75,8,2
19,25,C-3312-1118-A49,1118,Retour,1,43.0,165.0,100,5.092592592592593,5,0,0,,165,19,3
15,90,C-3312-1323-A112,1323,Plafond,1,43.0,96.0,50,2.9629629629629632,10,0,0,,140,15,3
17,93,C-3312-1325-A112,1325,Plafond,1,43.0,96.0,50,2.9629629629629632,10,0,0,,158,17,3
18,66,C-3312-1308-A112,1308,Plafond,1,43.0,70.25,50,2.16820987654321,10,0,0,,162,18,3
20,128,C-3312-1347-A112,1347,Plafond,1,43.0,106.625,50,3.290895061728395,10,0,0,,169,20,3
14,92,C-3312-1325-A1,1325,Mur,1,43.0,96.0,20,2.9629629629629632,5,0,0,,127,14,3
16,118,C-3312-1341-A1,1341,Mur,1,42.4375,84.75,20,2.615740740740741,5,0,0,,156,16,3
22,30,C-3312-1125-A1,1125,Mur,1,43.0,114.0,115,3.5185185185185186,65,0,0,,234,22,4
21,87,C-3312-1321-A112,1321,Plafond,1,43.0,96.0,50,2.9629629629629632,10,0,0,,181,21,4
27,114,C-3312-1338-A112,1338,Plafond,1,43.0,121.0,50,3.734567901234568,10,0,0,,264,27,4
25,5,C-3312-1010-A1,1010,Mur,1,43.0,114.0,45,3.5185185185185186,10,0,0,,257,25,4
23,94,C-3312-1326-A1,1326,Mur,1,15.25,96.0,20,2.9629629629629632,5,0,0,,253,23,4
24,67,C-3312-1309-A1,1309,Mur,1,17.875,96.0,20,2.9629629629629632,5,0,0,,255,24,4
26,55,C-3312-1302-A1,1302,Mur,1,43.0,96.0,20,2.9629629629629632,5,0,0,,258,26,4
28,42,C-3312-1145-A1,1145,Mur,1,43.0,165.0,255,5.092592592592593,115,0,0,,267,28,5
30,17,C-3312-1105-A49,1105,Retour,1,43.0,114.0,100,3.5185185185185186,5,0,0,,301,30,5
34,21,C-3312-1114-A1,1114,Mur,1,30.9375,114.0,95,3.5185185185185186,45,0,0,,358,34,5
32,18,C-3312-1106-A1,1106,Mur,1,10.875,114.0,55,3.5185185185185186,25,0,0,,307,32,5
29,32,C-3312-1127-A1,1127,Mur,1,43.0,51.0,20,1.5740740740740742,5,0,0,,288,29,5
31,95,C-3312-1326-A112,1326,Plafond,1,15.25,96.0,20,2.9629629629629632,5,0,0,,305,31,5
33,75,C-3312-1314-A1,1314,Mur,1,43.0,100.625,20,3.10570987654321,5,0,0,,350,33,5
40,11,C-3312-1095-A1,1095,Mur,1,43.0,114.0,105,3.5185185185185186,50,0,0,,389,40,6
38,24,C-3312-1117-A49,1117,Retour,1,43.0,165.0,100,5.092592592592593,5,0,0,,376,38,6
39,14,C-3312-1101-A1,1101,Mur,1,43.0,114.0,85,3.5185185185185186,45,0,0,,385,39,6
41,80,C-3312-1317-A112,1317,Plafond,1,43.0,100.625,60,3.10570987654321,25,0,1,,392,41,6
36,122,C-3312-1343-A112,1343,Plafond,1,43.0,106.625,50,3.290895061728395,10,0,0,,367,36,6
35,61,C-3312-1305-A112,1305,Plafond,1,17.875,70.25,20,2.16820987654321,5,0,0,,362,35,6
37,83,C-3312-1319-A1,1319,Mur,1,15.25,100.625,20,3.10570987654321,5,0,0,,375,37,6
44,7,C-3312-1091-A49,1091,Retour,1,43.0,165.0,100,5.092592592592593,5,0,0,,430,44,7
43,49,C-3312-1160-A1,1160,Mur,1,50.0,114.0,90,3.5185185185185186,40,0,0,,412,43,7
47,85,C-3312-1320-A112,1320,Plafond,1,43.0,96.0,60,2.9629629629629632,25,0,1,,456,47,7
45,4,C-3312-1007-A1,1007,Mur,1,32.5,110.0,25,3.3950617283950617,5,0,0,,448,45,7
42,107,C-3312-1334-A1,1334,Mur,1,43.0,121.0,20,3.734567901234568,5,0,0,,410,42,7
46,127,C-3312-1347-A1,1347,Mur,1,43.0,106.625,20,3.290895061728395,5,0,0,,451,46,7
48,96,C-3312-1327-A1,1327,Mur,1,43.0,88.1875,20,2.7218364197530867,5,0,0,,475,48,7
50,10,C-3312-1094-A49,1094,Retour,1,43.0,114.0,100,3.5185185185185186,5,0,0,,483,50,8
52,13,C-3312-1100-A1,1100,Mur,1,43.0,114.0,80,3.5185185185185186,35,0,0,,491,52,8
55,57,C-3312-1303-A112,1303,Plafond,1,43.0,96.0,60,2.9629629629629632,25,0,1,,496,55,8
49,45,C-3312-1155-A1,1155,Mur,1,25.375,114.0,40,3.5185185185185186,15,0,0,,482,49,8
51,35,C-3312-1130-A1,1130,Mur,1,43.0,51.0,20,1.5740740740740742,5,0,0,,487,51,8
53,106,C-3312-1333-A112,1333,Plafond,1,15.25,88.1875,20,2.7218364197530867,5,0,0,,492,53,8
54,84,C-3312-1319-A112,1319,Plafond,1,15.25,100.625,20,3.10570987654321,5,0,0,,495,54,8
57,44,C-3312-1147-A1,1147,Mur,1,43.0,165.0,195,5.092592592592593,75,0,0,,508,57,9
58,40,C-3312-1143-A1,1143,Mur,1,43.0,165.0,85,5.092592592592593,45,0,0,,519,58,9
56,56,C-3312-1302-A112,1302,Plafond,1,43.0,96.0,50,2.9629629629629632,10,0,0,,507,56,9
61,104,C-3312-1332-A112,1332,Plafond,1,43.0,88.1875,50,2.7218364197530867,10,0,0,,555,61,9
60,38,C-3312-1141-A1,1141,Mur,1,17.875,165.0,25,5.092592592592593,5,0,0,,531,60,9
59,33,C-3312-1128-A1,1128,Mur,1,43.0,51.0,20,1.5740740740740742,5,0,0,,525,59,9
62,58,C-3312-1304-A1,1304,Mur,1,43.0,92.0,20,2.8395061728395063,5,0,0,,557,62,9
67,29,C-3312-1124-A1,1124,Mur,1,43.0,114.0,125,3.5185185185185186,65,0,0,,625,67,10
69,3,C-3312-1004-A1,1004,Mur,1,49.5,114.0,85,3.5185185185185186,30,0,0,,629,69,10
65,15,C-3312-1102-A1,1102,Mur,1,43.0,114.0,70,3.5185185185185186,35,0,0,,593,65,10
64,91,C-3312-1324-A112,1324,Plafond,1,43.0,96.0,60,2.9629629629629632,25,0,1,,582,64,10
63,82,C-3312-1318-A112,1318,Plafond,1,43.0,100.625,50,3.10570987654321,10,0,0,,576,63,10
66,79,C-3312-1316-A112,1316,Plafond,1,43.0,100.625,50,3.10570987654321,10,0,0,,621,66,10
68,101,C-3312-1330-A112,1330,Plafond,1,43.0,88.1875,50,2.7218364197530867,10,0,0,,626,68,10
75,16,C-3312-1103-A49,1103,Retour,1,43.0,114.0,100,3.5185185185185186,5,0,0,,681,75,11
74,9,C-3312-1093-A1,1093,Mur,1,20.1875,114.0,75,3.5185185185185186,30,0,0,,677,74,11
76,27,C-3312-1122-A1,1122,Mur,1,49.125,114.0,75,3.5185185185185186,30,0,0,,688,76,11
70,112,C-3312-1337-A112,1337,Plafond,1,43.0,121.0,60,3.734567901234568,25,0,1,,635,70,11
71,111,C-3312-1336-A112,1336,Plafond,1,43.0,121.0,50,3.734567901234568,10,0,0,,653,71,11
72,108,C-3312-1334-A112,1334,Plafond,1,43.0,121.0,50,3.734567901234568,10,0,0,,660,72,11
73,31,C-3312-1126-A1,1126,Mur,1,43.0,114.0,45,3.5185185185185186,10,0,0,,672,73,11
83,22,C-3312-1115-A1,1115,Mur,1,36.0,114.0,160,3.5185185185185186,50,0,0,,729,83,12
78,23,C-3312-1116-A1,1116,Mur,1,33.625,161.0,70,4.969135802469136,35,0,0,,703,78,12
80,8,C-3312-1092-A1,1092,Mur,1,38.0,165.0,70,5.092592592592593,35,0,0,,721,80,12
81,50,C-3312-1163-A1,1163,Mur,1,30.0,114.0,70,3.5185185185185186,35,0,0,,722,81,12
77,72,C-3312-1312-A1,1312,Mur,1,43.0,96.0,20,2.9629629629629632,5,0,0,,699,77,12
79,89,C-3312-1323-A1,1323,Mur,1,43.0,96.0,20,2.9629629629629632,5,0,0,,707,79,12
82,110,C-3312-1336-A1,1336,Mur,1,43.0,121.0,20,3.734567901234568,5,0,0,,726,82,12
89,1,C-3312-1002-A1,1002,Mur,1,43.0,114.0,70,3.5185185185185186,35,0,0,,783,89,13
90,98,C-3312-1328-A112,1328,Plafond,1,43.0,88.1875,60,2.7218364197530867,25,0,1,,789,90,13
85,26,C-3312-1119-A1,1119,Mur,1,7.375,114.0,40,3.5185185185185186,15,0,0,,739,85,13
84,65,C-3312-1308-A1,1308,Mur,1,43.0,70.25,20,2.16820987654321,5,0,0,,737,84,13
86,36,C-3312-1131-A1,1131,Mur,1,43.0,51.0,20,1.5740740740740742,5,0,0,,764,86,13
87,117,C-3312-1340-A112,1340,Plafond,1,15.25,121.0,20,3.734567901234568,5,0,0,,766,87,13
88,81,C-3312-1318-A1,1318,Mur,1,43.0,100.625,20,3.10570987654321,5,0,0,,778,88,13
96,39,C-3312-1142-A1,1142,Mur,1,43.0,165.0,95,5.092592592592593,45,0,0,,856,96,14
92,120,C-3312-1342-A112,1342,Plafond,1,43.0,106.625,60,3.290895061728395,25,0,1,,820,92,14
94,71,C-3312-1311-A112,1311,Plafond,1,43.0,96.0,60,2.9629629629629632,25,0,1,,842,94,14
95,70,C-3312-1310-A112,1310,Plafond,1,43.0,96.0,50,2.9629629629629632,10,0,0,,848,95,14
91,78,C-3312-1316-A1,1316,Mur,1,43.0,100.625,25,3.10570987654321,5,0,0,,798,91,14
93,124,C-3312-1345-A1,1345,Mur,1,43.0,106.625,20,3.290895061728395,5,0,0,,826,93,14
97,113,C-3312-1338-A1,1338,Mur,1,43.0,121.0,20,3.734567901234568,5,0,0,,861,97,14
99,2,C-3312-1003-A1,1003,Mur,1,43.0,114.0,105,3.5185185185185186,50,0,0,,870,99,15
101,88,C-3312-1322-A112,1322,Plafond,1,43.0,96.0,60,2.9629629629629632,25,0,1,,887,101,15
102,74,C-3312-1313-A112,1313,Plafond,1,43.0,100.625,60,3.10570987654321,25,0,1,,892,102,15
103,77,C-3312-1315-A112,1315,Plafond,1,43.0,100.625,60,3.10570987654321,25,0,1,,895,103,15
104,73,C-3312-1312-A112,1312,Plafond,1,43.0,96.0,50,2.9629629629629632,10,0,0,,933,104,15
98,121,C-3312-1343-A1,1343,Mur,1,43.0,106.625,20,3.290895061728395,5,0,0,,868,98,15
100,103,C-3312-1332-A1,1332,Mur,1,43.0,88.1875,20,2.7218364197530867,5,0,0,,871,100,15
109,52,C-3312-1167-A1,1167,Mur,1,14.6875,114.0,55,3.5185185185185186,25,0,0,,984,109,16
105,97,C-3312-1327-A112,1327,Plafond,1,43.0,88.1875,50,2.7218364197530867,10,0,0,,940,105,16
106,125,C-3312-1345-A112,1345,Plafond,1,43.0,106.625,50,3.290895061728395,10,0,0,,946,106,16
111,76,C-3312-1314-A112,1314,Plafond,1,43.0,100.625,50,3.10570987654321,10,0,0,,1001,111,16
107,53,C-3312-1301-A1,1301,Mur,1,17.875,96.0,20,2.9629629629629632,5,0,0,,975,107,16
108,54,C-3312-1301-A112,1301,Plafond,1,17.875,96.0,20,2.9629629629629632,5,0,0,,982,108,16
110,60,C-3312-1305-A1,1305,Mur,1,17.875,70.25,20,2.16820987654321,5,0,0,,993,110,16
112,20,C-3312-1113-A1,1113,Mur,1,43.0,114.0,130,3.5185185185185186,60,0,0,,1005,112,17
114,109,C-3312-1335-A112,1335,Plafond,1,43.0,121.0,60,3.734567901234568,25,0,1,,1018,114,17
115,126,C-3312-1346-A112,1346,Plafond,1,43.0,106.625,60,3.290895061728395,25,0,1,,1021,115,17
116,62,C-3312-1306-A112,1306,Plafond,1,43.0,70.25,60,2.16820987654321,25,0,1,,1023,116,17
117,123,C-3312-1344-A112,1344,Plafond,1,43.0,106.625,60,3.290895061728395,25,0,1,,1029,117,17
113,34,C-3312-1129-A1,1129,Mur,1,43.0,51.0,20,1.5740740740740742,5,0,0,,1007,113,17
118,116,C-3312-1340-A1,1340,Mur,1,15.25,121.0,20,3.734567901234568,5,0,0,,1034,118,17
121,129,C-3312-1348-A112,1348,Plafond,1,43.0,106.625,60,3.290895061728395,25,0,1,,1052,121,18
123,102,C-3312-1331-A112,1331,Plafond,1,43.0,88.1875,60,2.7218364197530867,25,0,1,,1066,123,18
125,0,C-3312-1001-A1,1001,Mur,1,43.0,114.0,40,3.5185185185185186,15,0,0,,1081,125,18
122,47,C-3312-1158-A1,1158,Mur,1,49.0,114.0,30,3.5185185185185186,5,0,0,,1060,122,18
120,46,C-3312-1156-A1,1156,Mur,1,20.875,114.0,25,3.5185185185185186,5,0,0,,1044,120,18
119,69,C-3312-1310-A1,1310,Mur,1,43.0,96.0,20,2.9629629629629632,5,0,0,,1040,119,18
124,105,C-3312-1333-A1,1333,Mur,1,15.25,88.1875,20,2.7218364197530867,5,0,0,,1080,124,18
129,6,C-3312-1090-A49,1090,Retour,1,43.0,165.0,100,5.092592592592593,5,0,0,,1097,129,19
127,115,C-3312-1339-A112,1339,Plafond,1,43.0,121.0,60,3.734567901234568,25,0,1,,1094,127,19
126,59,C-3312-1304-A112,1304,Plafond,1,43.0,92.0,50,2.8395061728395063,10,0,0,,1089,126,19
128,68,C-3312-1309-A112,1309,Plafond,1,17.875,96.0,20,2.9629629629629632,5,0,0,,1095,128,19
132,219,C-3312-1384-A112,1384,Plafond,2,43.0,107.5,60,3.3179012345679015,25,0,1,,44,132,19
130,215,C-3312-1381-A112,1381,Plafond,2,43.0,106.5625,50,3.288966049382716,10,0,0,,22,130,19
131,210,C-3312-1378-A112,1378,Plafond,2,43.0,96.0,50,2.9629629629629632,10,0,0,,33,131,19
139,140,C-3312-1024-A49,1024,Retour,2,43.0,114.0,100,3.5185185185185186,5,0,0,,144,139,20
135,153,C-3312-1153-A1,1153,Mur,2,13.6875,114.0,60,3.5185185185185186,20,0,0,,121,135,20
134,221,C-3312-1385-A112,1385,Plafond,2,43.0,107.5,50,3.3179012345679015,10,0,0,,95,134,20
138,186,C-3312-1364-A1,1364,Mur,2,43.0,87.375,25,2.6967592592592595,5,0,0,,133,138,20
133,206,C-3312-1376-A1,1376,Mur,2,43.0,96.0,20,2.9629629629629632,5,0,0,,89,133,20
136,165,C-3312-1351-A1,1351,Mur,2,43.0,60.875,20,1.8788580246913582,5,0,0,,123,136,20
137,220,C-3312-1385-A1,1385,Mur,2,43.0,107.5,20,3.3179012345679015,5,0,0,,130,137,20
145,137,C-3312-1019-A1,1019,Mur,2,37.9375,109.75,110,3.3873456790123457,25,0,0,,195,145,21
143,132,C-3312-1013-A49,1013,Retour,2,43.0,114.0,100,3.5185185185185186,5,0,0,,190,143,21
146,134,C-3312-1015-A1,1015,Mur,2,15.0625,114.0,85,3.5185185185185186,45,0,0,,204,146,21
141,172,C-3312-1355-A112,1355,Plafond,2,43.0,83.0,60,2.5617283950617287,25,0,1,,167,141,21
144,193,C-3312-1368-A112,1368,Plafond,2,37.1875,87.375,60,2.6967592592592595,25,0,1,,194,144,21
140,154,C-3312-1168-A1,1168,Mur,2,35.4376,114.0,55,3.5185185185185186,25,0,0,,161,140,21
142,189,C-3312-1365-A112,1365,Plafond,2,43.0,87.375,50,2.6967592592592595,10,0,0,,170,142,21
147,196,C-3312-1370-A112,1370,Plafond,2,43.0,104.3125,60,3.2195216049382718,25,0,1,,207,147,22
151,211,C-3312-1379-A112,1379,Plafond,2,43.0,96.0,60,2.9629629629629632,25,0,1,,266,151,22
148,207,C-3312-1376-A112,1376,Plafond,2,43.0,96.0,50,2.9629629629629632,10,0,0,,219,148,22
152,218,C-3312-1383-A112,1383,Plafond,2,43.0,106.5625,50,3.288966049382716,10,0,0,,282,152,22
149,222,C-3312-1386-A1,1386,Mur,2,13.75,107.5,20,3.3179012345679015,5,0,0,,239,149,22
150,194,C-3312-1369-A1,1369,Mur,2,43.0,104.3125,20,3.2195216049382718,5,0,0,,240,150,22
153,200,C-3312-1373-A1,1373,Mur,2,43.0,104.3125,20,3.2195216049382718,5,0,0,,290,153,22
160,136,C-3312-1018-A1,1018,Mur,2,30.1875,114.0,130,3.5185185185185186,75,0,0,,395,160,23
155,155,C-3312-1169-A49,1169,Retour,2,43.0,114.0,100,3.5185185185185186,5,0,0,,299,155,23
158,156,C-3312-1171-A1,1171,Mur,2,43.0,114.0,85,3.5185185185185186,45,0,0,,374,158,23
157,177,C-3312-1358-A112,1358,Plafond,2,43.0,83.0,50,2.5617283950617287,10,0,0,,365,157,23
159,179,C-3312-1359-A112,1359,Plafond,2,43.0,100.6875,50,3.107638888888889,10,0,0,,381,159,23
156,158,C-3312-1173-A1,1173,Mur,2,35.4375,114.0,25,3.5185185185185186,5,0,0,,310,156,23
154,181,C-3312-1361-A1,1361,Mur,2,43.0,100.6875,20,3.107638888888889,5,0,0,,291,154,23
164,146,C-3312-1137-A1,1137,Mur,2,43.0,114.0,165,3.5185185185185186,90,0,0,,414,164,24
161,135,C-3312-1016-A1,1016,Mur,2,12.0,114.0,70,3.5185185185185186,35,0,0,,403,161,24
162,182,C-3312-1361-A112,1361,Plafond,2,43.0,100.6875,50,3.107638888888889,10,0,0,,404,162,24
163,174,C-3312-1356-A112,1356,Plafond,2,43.0,83.0,50,2.5617283950617287,10,0,0,,408,163,24
165,169,C-3312-1353-A112,1353,Plafond,2,43.0,60.875,50,1.8788580246913582,10,0,0,,423,165,24
167,201,C-3312-1373-A112,1373,Plafond,2,43.0,104.3125,50,3.2195216049382718,10,0,0,,433,167,24
166,203,C-3312-1374-A112,1374,Plafond,2,13.75,104.3125,20,3.2195216049382718,5,0,0,,424,166,24
169,164,C-3312-1350-A112,1350,Plafond,2,43.0,60.875,60,1.8788580246913582,25,0,1,,522,169,25
173,167,C-3312-1352-A112,1352,Plafond,2,43.0,60.875,60,1.8788580246913582,25,0,1,,584,173,25
170,185,C-3312-1363-A112,1363,Plafond,2,37.1875,100.6875,50,3.107638888888889,10,0,0,,535,170,25
172,171,C-3312-1354-A112,1354,Plafond,2,37.1875,83.0,50,2.5617283950617287,10,0,0,,571,172,25
171,202,C-3312-1374-A1,1374,Mur,2,13.75,104.3125,25,3.2195216049382718,5,0,0,,541,171,25
168,162,C-3312-1349-A1,1349,Mur,2,37.1875,60.875,20,1.8788580246913582,5,0,0,,509,168,25
174,197,C-3312-1371-A1,1371,Mur,2,43.0,104.3125,20,3.2195216049382718,5,0,0,,595,174,25
179,152,C-3312-1151-A1,1151,Mur,2,43.0,114.0,230,3.5185185185185186,105,0,0,,622,179,26
177,141,C-3312-1026-A1,1026,Mur,2,43.0,114.0,155,3.5185185185185186,85,0,0,,618,177,26
178,149,C-3312-1148-A49,1148,Retour,2,43.0,114.0,100,3.5185185185185186,5,0,0,,619,178,26
175,190,C-3312-1366-A112,1366,Plafond,2,43.0,87.375,60,2.6967592592592595,25,0,1,,607,175,26
180,205,C-3312-1375-A112,1375,Plafond,2,43.0,96.0,50,2.9629629629629632,10,0,0,,624,180,26
176,161,C-3312-1178-A1,1178,Mur,2,16.5,114.0,25,3.5185185185185186,5,0,0,,611,176,26
181,188,C-3312-1365-A1,1365,Mur,2,43.0,87.375,25,2.6967592592592595,5,0,0,,654,181,26
184,150,C-3312-1149-A1,1149,Mur,2,30.0,165.0,125,5.092592592592593,65,0,0,,669,184,27
182,180,C-3312-1360-A112,1360,Plafond,2,43.0,100.6875,60,3.107638888888889,25,0,1,,662,182,27
183,183,C-3312-1362-A112,1362,Plafond,2,43.0,100.6875,60,3.107638888888889,25,0,1,,668,183,27
187,175,C-3312-1357-A112,1357,Plafond,2,43.0,83.0,60,2.5617283950617287,25,0,1,,684,187,27
185,187,C-3312-1364-A112,1364,Plafond,2,43.0,87.375,50,2.6967592592592595,10,0,0,,675,185,27
186,204,C-3312-1375-A1,1375,Mur,2,43.0,96.0,25,2.9629629629629632,5,0,0,,682,186,27
188,170,C-3312-1354-A1,1354,Mur,2,37.1875,83.0,20,2.5617283950617287,5,0,0,,690,188,27
194,144,C-3312-1135-A1,1135,Mur,2,43.0,114.0,120,3.5185185185185186,60,0,0,,746,194,28
193,216,C-3312-1382-A112,1382,Plafond,2,43.0,106.5625,60,3.288966049382716,25,0,1,,745,193,28
195,145,C-3312-1136-A1,1136,Mur,2,43.0,114.0,25,3.5185185185185186,5,0,0,,753,195,28
189,184,C-3312-1363-A1,1363,Mur,2,37.1875,100.6875,20,3.107638888888889,5,0,0,,698,189,28
190,178,C-3312-1359-A1,1359,Mur,2,43.0,100.6875,20,3.107638888888889,5,0,0,,701,190,28
191,209,C-3312-1378-A1,1378,Mur,2,43.0,96.0,20,2.9629629629629632,5,0,0,,709,191,28
192,217,C-3312-1383-A1,1383,Mur,2,43.0,106.563,20,3.2889814814814815,5,0,0,,710,192,28
202,159,C-3312-1175-A1,1175,Mur,2,43.0,114.0,115,3.5185185185185186,65,0,0,,809,202,29
199,138,C-3312-1022-A1,1022,Mur,2,52.625,114.0,80,3.5185185185185186,30,0,0,,792,199,29
198,208,C-3312-1377-A112,1377,Plafond,2,43.0,96.0,60,2.9629629629629632,25,0,1,,786,198,29
200,148,C-3312-1140-A1,1140,Mur,2,43.0,114.0,25,3.5185185185185186,5,0,0,,795,200,29
196,223,C-3312-1386-A112,1386,Plafond,2,13.75,107.5,20,3.3179012345679015,5,0,0,,771,196,29
197,176,C-3312-1358-A1,1358,Mur,2,43.0,83.0,20,2.5617283950617287,5,0,0,,780,197,29
201,173,C-3312-1356-A1,1356,Mur,2,43.0,83.0,20,2.5617283950617287,5,0,0,,803,201,29
208,151,C-3312-1150-A1,1150,Mur,2,43.0,114.0,160,3.5185185185185186,80,0,0,,908,208,30
209,143,C-3312-1133-A1,1133,Mur,2,39.4375,114.0,115,3.5185185185185186,65,0,0,,913,209,30
206,139,C-3312-1023-A49,1023,Retour,2,43.0,114.0,100,3.5185185185185186,5,0,0,,854,206,30
203,192,C-3312-1367-A112,1367,Plafond,2,43.0,87.375,50,2.6967592592592595,10,0,0,,819,203,30
204,163,C-3312-1349-A112,1349,Plafond,2,37.1875,60.875,50,1.8788580246913582,10,0,0,,823,204,30
205,166,C-3312-1351-A112,1351,Plafond,2,43.0,60.875,50,1.8788580246913582,10,0,0,,828,205,30
207,191,C-3312-1367-A1,1367,Mur,2,43.0,87.375,20,2.6967592592592595,5,0,0,,898,207,30
211,160,C-3312-1177-A49,1177,Retour,2,43.0,114.0,100,3.5185185185185186,5,0,0,,935,211,31
215,157,C-3312-1172-A49,1172,Retour,2,43.0,114.0,100,3.5185185185185186,5,0,0,,971,215,31
212,130,C-3312-1011-A1,1011,Mur,2,43.0,114.0,60,3.5185185185185186,20,0,0,,938,212,31
216,131,C-3312-1012-A1,1012,Mur,2,43.0,114.0,25,3.5185185185185186,5,0,0,,989,216,31
210,214,C-3312-1381-A1,1381,Mur,2,43.0,106.5625,20,3.288966049382716,5,0,0,,914,210,31
213,213,C-3312-1380-A112,1380,Plafond,2,13.75,96.0,20,2.9629629629629632,5,0,0,,960,213,31
214,212,C-3312-1380-A1,1380,Mur,2,13.75,96.0,20,2.9629629629629632,5,0,0,,962,214,31
223,199,C-3312-1372-A112,1372,Plafond,2,43.0,104.3125,60,3.2195216049382718,25,0,1,,1099,223,32
218,198,C-3312-1371-A112,1371,Plafond,2,43.0,104.3125,50,3.2195216049382718,10,0,0,,1003,218,32
220,195,C-3312-1369-A112,1369,Plafond,2,43.0,104.3125,50,3.2195216049382718,10,0,0,,1051,220,32
217,142,C-3312-1029-A1,1029,Mur,2,43.0,114.0,25,3.5185185185185186,5,0,0,,997,217,32
221,147,C-3312-1139-A1,1139,Mur,2,20.0,114.0,25,3.5185185185185186,5,0,0,,1054,221,32
219,133,C-3312-1014-A1,1014,Mur,2,47.0625,114.0,20,3.5185185185185186,5,0,0,,1026,219,32
222,168,C-3312-1353-A1,1353,Mur,2,43.0,60.875,20,1.8788580246913582,5,0,0,,1075,222,32
226,231,C-3312-1188-A1,1188,Mur,3,36.875,114.0,135,3.5185185185185186,70,0,0,,68,226,33
229,268,C-3312-1403-A112,1403,Plafond,3,43.0,106.5625,60,3.288966049382716,25,0,1,,172,229,33
230,235,C-3312-1192-A1,1192,Mur,3,36.3125,114.0,55,3.5185185185185186,25,0,0,,180,230,33
224,270,C-3312-1404-A112,1404,Plafond,3,43.0,106.5625,50,3.288966049382716,10,0,0,,2,224,33
227,258,C-3312-1396-A112,1396,Plafond,3,43.0,96.0,50,2.9629629629629632,10,0,0,,70,227,33
225,250,C-3312-1392-A1,1392,Mur,3,43.0,106.5,20,3.287037037037037,5,0,0,,50,225,33
228,253,C-3312-1393-A112,1393,Plafond,3,15.25,106.5,20,3.287037037037037,5,0,0,,135,228,33
237,240,C-3312-1197-A1,1197,Mur,3,43.0,165.0,115,5.092592592592593,65,0,0,,251,237,34
236,225,C-3312-1084-A1,1084,Mur,3,34.0,114.0,105,3.5185185185185186,50,0,0,,238,236,34
234,236,C-3312-1193-A49,1193,Retour,3,43.0,165.0,100,5.092592592592593,5,0,0,,216,234,34
235,224,C-3312-1082-A49,1082,Retour,3,43.0,114.0,100,3.5185185185185186,5,0,0,,217,235,34
231,243,C-3312-1387-A112,1387,Plafond,3,43.0,106.5,60,3.287037037037037,25,0,1,,182,231,34
232,273,C-3312-1406-A112,1406,Plafond,3,43.0,106.5625,50,3.288966049382716,10,0,0,,183,232,34
233,247,C-3312-1390-A1,1390,Mur,3,43.0,106.5,20,3.287037037037037,5,0,0,,203,233,34
241,238,C-3312-1195-A1,1195,Mur,3,43.0,165.0,230,5.092592592592593,105,0,0,,333,241,35
242,234,C-3312-1191-A1,1191,Mur,3,43.0,114.0,170,3.5185185185185186,95,0,0,,356,242,35
238,249,C-3312-1391-A112,1391,Plafond,3,43.0,106.5,60,3.287037037037037,25,0,1,,259,238,35
244,259,C-3312-1397-A112,1397,Plafond,3,43.0,96.0,60,2.9629629629629632,25,0,1,,421,244,35
239,251,C-3312-1392-A112,1392,Plafond,3,43.0,106.5,50,3.287037037037037,10,0,0,,322,239,35
240,269,C-3312-1404-A1,1404,Mur,3,43.0,106.5625,20,3.288966049382716,5,0,0,,327,240,35
243,274,C-3312-1407-A1,1407,Mur,3,15.25,106.5625,20,3.288966049382716,5,0,0,,368,243,35
251,229,C-3312-1186-A49,1186,Retour,3,43.0,114.0,100,3.5185185185185186,5,0,0,,514,251,36
245,245,C-3312-1388-A112,1388,Plafond,3,43.0,106.5,50,3.287037037037037,10,0,0,,426,245,36
247,227,C-3312-1089-A1,1089,Mur,3,19.9375,114.0,25,3.5185185185185186,5,0,0,,458,247,36
248,232,C-3312-1189-A1,1189,Mur,3,19.9375,110.0,25,3.3950617283950617,5,0,0,,473,248,36
250,242,C-3312-1199-A1,1199,Mur,3,17.875,165.0,25,5.092592592592593,5,0,0,,486,250,36
246,244,C-3312-1388-A1,1388,Mur,3,43.0,106.5,20,3.287037037037037,5,0,0,,450,246,36
249,266,C-3312-1402-A1,1402,Mur,3,43.0,106.5625,20,3.288966049382716,5,0,0,,476,249,36
253,226,C-3312-1086-A49,1086,Retour,3,43.0,110.0,100,3.3950617283950617,5,0,0,,537,253,37
257,267,C-3312-1402-A112,1402,Plafond,3,43.0,106.5625,50,3.288966049382716,10,0,0,,661,257,37
258,263,C-3312-1400-A1,1400,Mur,3,15.25,96.0,25,2.9629629629629632,5,0,0,,663,258,37
252,257,C-3312-1396-A1,1396,Mur,3,43.0,96.0,20,2.9629629629629632,5,0,0,,533,252,37
254,272,C-3312-1406-A1,1406,Mur,3,43.0,106.5625,20,3.288966049382716,5,0,0,,560,254,37
255,275,C-3312-1407-A112,1407,Plafond,3,15.25,106.5625,20,3.288966049382716,5,0,0,,577,255,37
256,260,C-3312-1398-A1,1398,Mur,3,43.0,96.0,20,2.9629629629629632,5,0,0,,601,256,37
259,239,C-3312-1196-A49,1196,Retour,3,43.0,165.0,100,5.092592592592593,5,0,0,,671,259,38
262,230,C-3312-1187-A49,1187,Retour,3,43.0,114.0,100,3.5185185185185186,5,0,0,,714,262,38
260,241,C-3312-1198-A1,1198,Mur,3,43.0,165.0,80,5.092592592592593,35,0,0,,700,260,38
261,265,C-3312-1401-A112,1401,Plafond,3,43.0,106.5625,60,3.288966049382716,25,0,1,,713,261,38
264,246,C-3312-1389-A112,1389,Plafond,3,43.0,106.5,60,3.287037037037037,25,0,1,,759,264,38
265,256,C-3312-1395-A112,1395,Plafond,3,43.0,96.0,60,2.9629629629629632,25,0,1,,769,265,38
263,255,C-3312-1394-A112,1394,Plafond,3,43.0,96.0,50,2.9629629629629632,10,0,0,,724,263,38
270,237,C-3312-1194-A1,1194,Mur,3,43.0,165.0,125,5.092592592592593,65,0,0,,921,270,39
266,233,C-3312-1190-A1,1190,Mur,3,42.0,114.0,120,3.5185185185185186,60,0,0,,802,266,39
268,262,C-3312-1399-A112,1399,Plafond,3,43.0,96.0,60,2.9629629629629632,25,0,1,,815,268,39
267,248,C-3312-1390-A112,1390,Plafond,3,43.0,106.5,50,3.287037037037037,10,0,0,,808,267,39
269,252,C-3312-1393-A1,1393,Mur,3,15.25,106.5,20,3.287037037037037,5,0,0,,880,269,39
271,264,C-3312-1400-A112,1400,Plafond,3,15.25,96.0,20,2.9629629629629632,5,0,0,,970,271,39
272,254,C-3312-1394-A1,1394,Mur,3,43.0,96.0,20,2.9629629629629632,5,0,0,,995,272,39
273,271,C-3312-1405-A112,1405,Plafond,3,43.0,106.5625,60,3.288966049382716,25,0,1,,1006,273,40
275,261,C-3312-1398-A112,1398,Plafond,3,43.0,96.0,50,2.9629629629629632,10,0,0,,1069,275,40
274,228,C-3312-1184-A1,1184,Mur,3,34.0,110.0,45,3.3950617283950617,10,0,0,,1059,274,40
279,314,C-3312-1510-A112,1510,Plafond,4,43.0,107.5,60,3.3179012345679015,25,0,1,,115,279,40
276,279,C-3312-1200-A1,1200,Mur,4,43.0,114.0,25,3.5185185185185186,5,0,0,,15,276,40
277,315,C-3312-1511-A1,1511,Mur,4,43.0,107.5,25,3.3179012345679015,5,0,0,,46,277,40
278,311,C-3312-1508-A112,1508,Plafond,4,20.9375,96.0,20,2.9629629629629632,5,0,0,,73,278,40
280,290,C-3312-1495-A112,1495,Plafond,4,43.0,104.3125,60,3.2195216049382718,25,0,1,,126,280,41
282,322,C-3312-1515-A112,1515,Plafond,4,43.0,107.5,60,3.3179012345679015,25,0,1,,205,282,41
283,297,C-3312-1499-A112,1499,Plafond,4,43.0,104.3125,50,3.2195216049382718,10,0,0,,241,283,41
284,313,C-3312-1509-A112,1509,Plafond,4,43.0,107.5,50,3.3179012345679015,10,0,0,,294,284,41
285,316,C-3312-1511-A112,1511,Plafond,4,43.0,107.5,50,3.3179012345679015,10,0,0,,308,285,41
286,292,C-3312-1496-A112,1496,Plafond,4,43.0,104.3125,50,3.2195216049382718,10,0,0,,324,286,41
281,280,C-3312-1201-A1,1201,Mur,4,20.0,114.0,25,3.5185185185185186,5,0,0,,178,281,41
293,283,C-3312-1206-A1,1206,Mur,4,43.0,114.0,115,3.5185185185185186,65,0,0,,420,293,42
287,289,C-3312-1494-A112,1494,Plafond,4,43.0,104.3125,50,3.2195216049382718,10,0,0,,346,287,42
288,321,C-3312-1514-A112,1514,Plafond,4,43.0,107.5,50,3.3179012345679015,10,0,0,,372,288,42
292,319,C-3312-1513-A112,1513,Plafond,4,43.0,107.5,50,3.3179012345679015,10,0,0,,418,292,42
289,278,C-3312-1036-A1,1036,Mur,4,43.0,114.0,45,3.5185185185185186,15,0,0,,379,289,42
291,285,C-3312-1208-A1,1208,Mur,4,28.938,114.0,25,3.5185185185185186,5,0,0,,396,291,42
290,323,C-3312-1516-A1,1516,Mur,4,20.938,77.5,20,2.3919753086419755,5,0,0,,393,290,42
299,277,C-3312-1034-A49,1034,Retour,4,43.0,114.0,100,3.5185185185185186,5,0,0,,503,299,43
300,276,C-3312-1032-A1,1032,Mur,4,11.375,114.0,85,3.5185185185185186,45,0,0,,511,300,43
298,284,C-3312-1207-A1,1207,Mur,4,39.4375,114.0,70,3.5185185185185186,35,0,0,,497,298,43
297,303,C-3312-1503-A112,1503,Plafond,4,43.0,96.0,50,2.9629629629629632,10,0,0,,490,297,43
294,312,C-3312-1509-A1,1509,Mur,4,43.0,107.5,25,3.3179012345679015,5,0,0,,432,294,43
295,288,C-3312-1494-A1,1494,Mur,4,43.0,104.3125,25,3.2195216049382718,5,0,0,,446,295,43
296,302,C-3312-1503-A1,1503,Mur,4,43.0,96.0,20,2.9629629629629632,5,0,0,,488,296,43
303,281,C-3312-1203-A1,1203,Mur,4,43.0,114.0,250,3.5185185185185186,110,0,0,,554,303,44
301,309,C-3312-1507-A112,1507,Plafond,4,43.0,96.0,60,2.9629629629629632,25,0,1,,544,301,44
304,304,C-3312-1504-A112,1504,Plafond,4,43.0,96.0,60,2.9629629629629632,25,0,1,,602,304,44
306,317,C-3312-1512-A112,1512,Plafond,4,43.0,107.5,60,3.3179012345679015,25,0,1,,683,306,44
302,299,C-3312-1501-A1,1501,Mur,4,20.938,83.438,20,2.575246913580247,5,0,0,,552,302,44
305,318,C-3312-1513-A1,1513,Mur,4,43.0,107.5,20,3.3179012345679015,5,0,0,,666,305,44
307,310,C-3312-1508-A1,1508,Mur,4,20.9375,96.0,20,2.9629629629629632,5,0,0,,706,307,44
308,298,C-3312-1500-A112,1500,Plafond,4,43.0,104.3125,60,3.2195216049382718,25,0,1,,728,308,45
314,325,C-3312-1517-A112,1517,Plafond,4,43.0,96.0,60,2.9629629629629632,25,0,1,,805,314,45
310,306,C-3312-1505-A112,1505,Plafond,4,43.0,96.0,50,2.9629629629629632,10,0,0,,747,310,45
313,308,C-3312-1506-A112,1506,Plafond,4,43.0,96.0,50,2.9629629629629632,10,0,0,,785,313,45
312,286,C-3312-1210-A1,1210,Mur,4,17.5,114.0,25,3.5185185185185186,5,0,0,,781,312,45
309,294,C-3312-1498-A1,1498,Mur,4,43.0,104.325,20,3.2199074074074074,5,0,0,,744,309,45
311,320,C-3312-1514-A1,1514,Mur,4,43.0,107.5,20,3.3179012345679015,5,0,0,,750,311,45
315,293,C-3312-1497-A112,1497,Plafond,4,43.0,104.3125,60,3.2195216049382718,25,0,1,,833,315,46
316,295,C-3312-1498-A112,1498,Plafond,4,43.0,104.3125,50,3.2195216049382718,10,0,0,,838,316,46
318,301,C-3312-1502-A112,1502,Plafond,4,43.0,96.0,50,2.9629629629629632,10,0,0,,866,318,46
320,287,C-3312-1215-A1,1215,Mur,4,16.5,114.0,25,3.5185185185185186,5,0,0,,932,320,46
317,300,C-3312-1501-A112,1501,Plafond,4,20.9375,83.4375,20,2.5752314814814814,5,0,0,,858,317,46
319,296,C-3312-1499-A1,1499,Mur,4,43.0,104.3125,20,3.2195216049382718,5,0,0,,931,319,46
321,307,C-3312-1506-A1,1506,Mur,4,43.0,96.0,20,2.9629629629629632,5,0,0,,941,321,46
325,282,C-3312-1205-A1,1205,Mur,4,43.0,114.0,215,3.5185185185185186,80,0,0,,1077,325,47
322,324,C-3312-1516-A112,1516,Plafond,4,20.9375,77.5,20,2.3919753086419755,5,0,0,,944,322,47
323,305,C-3312-1505-A1,1505,Mur,4,43.0,96.0,20,2.9629629629629632,5,0,0,,1008,323,47
324,291,C-3312-1496-A1,1496,Mur,4,43.0,104.3125,20,3.2195216049382718,5,0,0,,1032,324,47
327,410,C-3312-1440-A112,1440,Plafond,5,43.0,80.5,50,2.484567901234568,10,0,0,,24,327,47
328,415,C-3312-1443-A112,1443,Plafond,5,28.75,80.5,50,2.484567901234568,10,0,0,,30,328,47
326,350,C-3312-1230-A1,1230,Mur,5,43.0,51.0,20,1.5740740740740742,5,0,0,,11,326,47
330,357,C-3312-1261-A1,1261,Mur,5,43.0,114.0,75,3.5185185185185186,30,0,0,,43,330,48
332,421,C-3312-1447-A112,1447,Plafond,5,28.75,90.875,60,2.804783950617284,25,0,1,,57,332,48
335,375,C-3312-1419-A112,1419,Plafond,5,43.0,75.3125,60,2.32445987654321,25,0,1,,90,335,48
331,330,C-3312-1064-A1,1064,Mur,5,43.0,114.0,55,3.5185185185185186,25,0,0,,52,331,48
329,427,C-3312-1451-A1,1451,Mur,5,43.0,106.625,20,3.290895061728395,5,0,0,,42,329,48
333,368,C-3312-1414-A112,1414,Plafond,5,15.25,121.0,20,3.734567901234568,5,0,0,,78,333,48
334,419,C-3312-1446-A1,1446,Mur,5,43.0,90.875,20,2.804783950617284,5,0,0,,82,334,48
336,329,C-3312-1063-A1,1063,Mur,5,43.0,114.0,100,3.5185185185185186,55,0,0,,91,336,49
341,369,C-3312-1415-A112,1415,Plafond,5,43.0,75.3125,60,2.32445987654321,25,0,1,,145,341,49
337,384,C-3312-1425-A1,1425,Mur,5,43.0,96.0,20,2.9629629629629632,5,0,0,,93,337,49
338,392,C-3312-1430-A1,1430,Mur,5,43.0,80.8125,20,2.4942129629629632,5,0,0,,110,338,49
339,364,C-3312-1412-A1,1412,Mur,5,43.0,121.0,20,3.734567901234568,5,0,0,,111,339,49
340,423,C-3312-1449-A1,1449,Mur,5,43.0,106.625,20,3.290895061728395,5,0,0,,122,340,49
342,433,C-3312-1455-A1,1455,Mur,5,22.688,84.75,20,2.615740740740741,5,0,0,,148,342,49
347,366,C-3312-1413-A112,1413,Plafond,5,43.0,121.0,60,3.734567901234568,25,0,1,,196,347,50
348,372,C-3312-1417-A112,1417,Plafond,5,43.0,75.3125,60,2.32445987654321,25,0,1,,197,348,50
343,406,C-3312-1438-A112,1438,Plafond,5,43.0,90.875,50,2.804783950617284,10,0,0,,150,343,50
345,382,C-3312-1423-A112,1423,Plafond,5,43.0,96.0,50,2.9629629629629632,10,0,0,,155,345,50
346,399,C-3312-1434-A112,1434,Plafond,5,43.0,80.8125,50,2.4942129629629632,10,0,0,,175,346,50
349,388,C-3312-1427-A112,1427,Plafond,5,43.0,96.0,50,2.9629629629629632,10,0,0,,227,349,50
344,425,C-3312-1450-A1,1450,Mur,5,43.0,106.625,20,3.290895061728395,5,0,0,,154,344,50
353,347,C-3312-1221-A1,1221,Mur,5,43.0,114.0,130,3.5185185185185186,60,0,0,,265,353,51
354,360,C-3312-1409-A112,1409,Plafond,5,43.0,121.0,60,3.734567901234568,25,0,1,,269,354,51
350,408,C-3312-1439-A112,1439,Plafond,5,28.75,90.875,50,2.804783950617284,10,0,0,,228,350,51
356,412,C-3312-1441-A112,1441,Plafond,5,43.0,80.5,50,2.484567901234568,10,0,0,,274,356,51
352,327,C-3312-1061-A1,1061,Mur,5,43.0,114.0,45,3.5185185185185186,10,0,0,,243,352,51
355,331,C-3312-1066-A1,1066,Mur,5,43.0,114.0,45,3.5185185185185186,10,0,0,,273,355,51
351,414,C-3312-1443-A1,1443,Mur,5,28.75,80.5,20,2.484567901234568,5,0,0,,232,351,51
358,339,C-3312-1078-A1,1078,Mur,5,30.0,165.0,85,5.092592592592593,45,0,0,,285,358,52
362,426,C-3312-1450-A112,1450,Plafond,5,43.0,106.625,60,3.290895061728395,25,0,1,,328,362,52
357,420,C-3312-1446-A112,1446,Plafond,5,43.0,90.875,50,2.804783950617284,10,0,0,,275,357,52
360,355,C-3312-1256-A1,1256,Mur,5,17.0625,114.0,40,3.5185185185185186,15,0,0,,309,360,52
359,395,C-3312-1432-A1,1432,Mur,5,43.0,80.8125,25,2.4942129629629632,5,0,0,,298,359,52
361,387,C-3312-1427-A1,1427,Mur,5,43.0,96.0,20,2.9629629629629632,5,0,0,,318,361,52
363,434,C-3312-1455-A112,1455,Plafond,5,22.6875,84.75,20,2.615740740740741,5,0,0,,329,363,52
366,349,C-3312-1225-A1,1225,Mur,5,38.375,114.0,100,3.5185185185185186,55,0,0,,371,366,53
370,343,C-3312-1217-A49,1217,Retour,5,43.0,165.0,100,5.092592592592593,5,0,0,,400,370,53
369,336,C-3312-1073-A1,1073,Mur,5,43.0,114.0,75,3.5185185185185186,30,0,0,,391,369,53
364,386,C-3312-1426-A112,1426,Plafond,5,43.0,96.0,60,2.9629629629629632,25,0,1,,335,364,53
368,363,C-3312-1411-A112,1411,Plafond,5,43.0,121.0,60,3.734567901234568,25,0,1,,386,368,53
365,354,C-3312-1251-A1,1251,Mur,5,49.0,114.0,30,3.5185185185185186,5,0,0,,342,365,53
367,379,C-3312-1421-A112,1421,Plafond,5,15.25,75.3125,20,2.32445987654321,5,0,0,,377,367,53
371,359,C-3312-1408-A112,1408,Plafond,5,43.0,121.0,50,3.734567901234568,10,0,0,,401,371,54
375,326,C-3312-1059-A1,1059,Mur,5,43.0,114.0,40,3.5185185185185186,15,0,0,,431,375,54
372,373,C-3312-1418-A1,1418,Mur,5,43.0,75.3125,20,2.32445987654321,5,0,0,,413,372,54
373,400,C-3312-1435-A1,1435,Mur,5,15.25,80.8125,20,2.4942129629629632,5,0,0,,427,373,54
374,430,C-3312-1453-A1,1453,Mur,5,43.0,106.625,20,3.290895061728395,5,0,0,,429,374,54
376,367,C-3312-1414-A1,1414,Mur,5,15.25,121.0,20,3.734567901234568,5,0,0,,438,376,54
377,409,C-3312-1440-A1,1440,Mur,5,43.0,80.5,20,2.484567901234568,5,0,0,,439,377,54
379,352,C-3312-1239-A1,1239,Mur,5,47.0,114.0,130,3.5185185185185186,35,0,0,,468,379,55
383,334,C-3312-1070-A1,1070,Mur,5,43.0,114.0,70,3.5185185185185186,35,0,0,,546,383,55
380,383,C-3312-1424-A112,1424,Plafond,5,43.0,96.0,60,2.9629629629629632,25,0,1,,501,380,55
382,428,C-3312-1451-A112,1451,Plafond,5,43.0,106.625,50,3.290895061728395,10,0,0,,538,382,55
384,374,C-3312-1418-A112,1418,Plafond,5,43.0,75.3125,50,2.32445987654321,10,0,0,,549,384,55
378,411,C-3312-1441-A1,1441,Mur,5,43.0,80.5,20,2.484567901234568,5,0,0,,444,378,55
381,381,C-3312-1423-A1,1423,Mur,5,43.0,96.0,20,2.9629629629629632,5,0,0,,524,381,55
390,340,C-3312-1079-A49,1079,Retour,5,43.0,165.0,100,5.092592592592593,5,0,0,,583,390,56
385,391,C-3312-1429-A112,1429,Plafond,5,43.0,80.8125,60,2.4942129629629632,25,0,1,,550,385,56
387,338,C-3312-1077-A1,1077,Mur,5,21.375,114.0,60,3.5185185185185186,20,0,0,,570,387,56
386,396,C-3312-1432-A112,1432,Plafond,5,43.0,80.8125,50,2.4942129629629632,10,0,0,,567,386,56
388,377,C-3312-1420-A112,1420,Plafond,5,43.0,75.3125,50,2.32445987654321,10,0,0,,573,388,56
391,431,C-3312-1453-A112,1453,Plafond,5,43.0,106.625,50,3.290895061728395,10,0,0,,586,391,56
389,361,C-3312-1410-A1,1410,Mur,5,43.0,121.0,20,3.734567901234568,5,0,0,,579,389,56
396,353,C-3312-1240-A1,1240,Mur,5,39.0,114.0,160,3.5185185185185186,80,0,0,,640,396,57
398,335,C-3312-1071-A1,1071,Mur,5,24.0,114.0,110,3.5185185185185186,55,0,0,,702,398,57
397,346,C-3312-1220-A49,1220,Retour,5,43.0,114.0,100,3.5185185185185186,5,0,0,,642,397,57
394,351,C-3312-1238-A1,1238,Mur,5,13.5,114.0,75,3.5185185185185186,30,0,0,,636,394,57
393,418,C-3312-1445-A112,1445,Plafond,5,43.0,90.875,60,2.804783950617284,25,0,1,,630,393,57
392,424,C-3312-1449-A112,1449,Plafond,5,43.0,106.625,50,3.290895061728395,10,0,0,,606,392,57
395,362,C-3312-1410-A112,1410,Plafond,5,43.0,121.0,50,3.734567901234568,10,0,0,,638,395,57
402,342,C-3312-1216-A49,1216,Retour,5,43.0,165.0,100,5.092592592592593,5,0,0,,740,402,58
399,432,C-3312-1454-A112,1454,Plafond,5,43.0,84.75,60,2.615740740740741,25,0,1,,708,399,58
405,397,C-3312-1433-A112,1433,Plafond,5,43.0,80.8125,60,2.4942129629629632,25,0,1,,765,405,58
403,328,C-3312-1062-A1,1062,Mur,5,43.0,114.0,55,3.5185185185185186,25,0,0,,742,403,58
401,385,C-3312-1425-A112,1425,Plafond,5,43.0,96.0,50,2.9629629629629632,10,0,0,,730,401,58
400,341,C-3312-1081-A1,1081,Mur,5,8.0,165.0,25,5.092592592592593,5,0,0,,717,400,58
404,378,C-3312-1421-A1,1421,Mur,5,15.25,75.3125,20,2.32445987654321,5,0,0,,752,404,58
408,345,C-3312-1219-A1,1219,Mur,5,40.3125,114.0,205,3.5185185185185186,80,0,0,,788,408,59
409,337,C-3312-1075-A1,1075,Mur,5,43.0,114.0,105,3.5185185185185186,50,0,0,,850,409,59
407,404,C-3312-1437-A112,1437,Plafond,5,43.0,90.875,60,2.804783950617284,25,0,1,,775,407,59
410,413,C-3312-1442-A112,1442,Plafond,5,43.0,80.5,60,2.484567901234568,25,0,1,,853,410,59
406,344,C-3312-1218-A1,1218,Mur,5,14.25,116.25,25,3.5879629629629632,5,0,0,,774,406,59
411,398,C-3312-1434-A1,1434,Mur,5,43.0,80.8125,20,2.4942129629629632,5,0,0,,884,411,59
412,390,C-3312-1428-A112,1428,Plafond,5,15.25,96.0,20,2.9629629629629632,5,0,0,,888,412,59
413,422,C-3312-1448-A112,1448,Plafond,5,43.0,106.625,60,3.290895061728395,25,0,1,,890,413,60
417,371,C-3312-1416-A112,1416,Plafond,5,43.0,75.3125,50,2.32445987654321,10,0,0,,953,417,60
418,403,C-3312-1436-A112,1436,Plafond,5,43.0,90.875,50,2.804783950617284,10,0,0,,956,418,60
414,416,C-3312-1444-A1,1444,Mur,5,43.0,90.875,20,2.804783950617284,5,0,0,,901,414,60
415,389,C-3312-1428-A1,1428,Mur,5,15.25,96.0,20,2.9629629629629632,5,0,0,,916,415,60
416,405,C-3312-1438-A1,1438,Mur,5,43.0,90.875,20,2.804783950617284,5,0,0,,947,416,60
419,401,C-3312-1435-A112,1435,Plafond,5,15.25,80.8125,20,2.4942129629629632,5,0,0,,967,419,60
420,332,C-3312-1068-A1,1068,Mur,5,43.0,114.0,85,3.5185185185185186,45,0,0,,980,420,61
423,348,C-3312-1223-A1,1223,Mur,5,23.3125,114.0,75,3.5185185185185186,30,0,0,,999,423,61
425,380,C-3312-1422-A112,1422,Plafond,5,43.0,96.0,60,2.9629629629629632,25,0,1,,1038,425,61
421,393,C-3312-1430-A112,1430,Plafond,5,43.0,80.8125,50,2.4942129629629632,10,0,0,,986,421,61
424,365,C-3312-1412-A112,1412,Plafond,5,43.0,121.0,50,3.734567901234568,10,0,0,,1019,424,61
422,358,C-3312-1408-A1,1408,Mur,5,43.0,121.0,20,3.734567901234568,5,0,0,,988,422,61
426,402,C-3312-1436-A1,1436,Mur,5,43.0,90.875,20,2.804783950617284,5,0,0,,1050,426,61
431,333,C-3312-1069-A1,1069,Mur,5,43.0,114.0,85,3.5185185185185186,45,0,0,,1073,431,62
427,394,C-3312-1431-A112,1431,Plafond,5,43.0,80.8125,60,2.4942129629629632,25,0,1,,1058,427,62
429,429,C-3312-1452-A112,1452,Plafond,5,43.0,106.625,60,3.290895061728395,25,0,1,,1065,429,62
432,356,C-3312-1258-A1,1258,Mur,5,13.9375,114.0,55,3.5185185185185186,25,0,0,,1085,432,62
430,417,C-3312-1444-A112,1444,Plafond,5,43.0,90.875,50,2.804783950617284,10,0,0,,1072,430,62
428,407,C-3312-1439-A1,1439,Mur,5,28.75,90.875,20,2.804783950617284,5,0,0,,1061,428,62
433,370,C-3312-1416-A1,1416,Mur,5,43.0,75.3125,20,2.32445987654321,5,0,0,,1087,433,62
434,376,C-3312-1420-A1,1420,Mur,5,43.0,75.3125,20,2.32445987654321,5,0,0,,1098,434,63
439,511,C-3312-1492-A112,1492,Plafond,6,43.0,106.5625,60,3.288966049382716,25,0,1,,65,439,63
436,455,C-3312-1456-A112,1456,Plafond,6,37.1875,60.9375,50,1.8807870370370372,10,0,0,,34,436,63
438,443,C-3312-1053-A1,1053,Mur,6,43.0,114.0,40,3.5185185185185186,15,0,0,,61,438,63
435,487,C-3312-1477-A1,1477,Mur,6,43.0,104.3125,20,3.2195216049382718,5,0,0,,7,435,63
437,460,C-3312-1460-A1,1460,Mur,6,43.0,60.9375,20,1.8807870370370372,5,0,0,,53,437,63
440,476,C-3312-1470-A1,1470,Mur,6,43.0,84.4375,20,2.6060956790123457,5,0,0,,66,440,63
442,438,C-3312-1044-A1,1044,Mur,6,48.5625,114.0,75,3.5185185185185186,30,0,0,,97,442,64
445,456,C-3312-1457-A112,1457,Plafond,6,43.0,60.9375,60,1.8807870370370372,25,0,1,,119,445,64
446,464,C-3312-1462-A112,1462,Plafond,6,43.0,82.875,60,2.5578703703703707,25,0,1,,134,446,64
444,510,C-3312-1491-A112,1491,Plafond,6,43.0,106.5625,50,3.288966049382716,10,0,0,,113,444,64
447,439,C-3312-1048-A1,1048,Mur,6,13.9375,114.0,40,3.5185185185185186,15,0,0,,149,447,64
441,509,C-3312-1491-A1,1491,Mur,6,43.0,106.5625,20,3.288966049382716,5,0,0,,87,441,64
443,462,C-3312-1461-A1,1461,Mur,6,37.1875,82.875,20,2.5578703703703707,5,0,0,,112,443,64
449,446,C-3312-1245-A1,1245,Mur,6,17.6875,114.0,60,3.5185185185185186,20,0,0,,171,449,65
453,472,C-3312-1467-A112,1467,Plafond,6,43.0,84.4375,60,2.6060956790123457,25,0,1,,226,453,65
454,489,C-3312-1478-A112,1478,Plafond,6,43.0,104.3125,60,3.2195216049382718,25,0,1,,237,454,65
450,477,C-3312-1470-A112,1470,Plafond,6,43.0,84.4375,50,2.6060956790123457,10,0,0,,199,450,65
451,452,C-3312-1268-A1,1268,Mur,6,35.4375,114.0,40,3.5185185185185186,15,0,0,,208,451,65
448,483,C-3312-1474-A1,1474,Mur,6,43.0,83.9375,20,2.590663580246914,5,0,0,,164,448,65
452,494,C-3312-1481-A112,1481,Plafond,6,11.6875,104.3125,20,3.2195216049382718,5,0,0,,225,452,65
458,449,C-3312-1249-A1,1249,Mur,6,43.0,114.0,155,3.5185185185185186,85,0,0,,292,458,66
461,453,C-3312-1272-A1,1272,Mur,6,43.0,114.0,55,3.5185185185185186,25,0,0,,320,461,66
455,491,C-3312-1479-A112,1479,Plafond,6,43.0,104.3125,50,3.2195216049382718,10,0,0,,248,455,66
460,479,C-3312-1471-A112,1471,Plafond,6,37.1875,83.9375,50,2.590663580246914,10,0,0,,311,460,66
456,480,C-3312-1472-A1,1472,Mur,6,43.0,83.9375,25,2.590663580246914,5,0,0,,280,456,66
457,473,C-3312-1468-A1,1468,Mur,6,43.0,84.4375,20,2.6060956790123457,5,0,0,,281,457,66
459,503,C-3312-1487-A1,1487,Mur,6,11.6875,96.0,20,2.9629629629629632,5,0,0,,300,459,66
466,459,C-3312-1459-A112,1459,Plafond,6,43.0,60.9375,60,1.8807870370370372,25,0,1,,384,466,67
463,481,C-3312-1472-A112,1472,Plafond,6,43.0,83.9375,50,2.590663580246914,10,0,0,,337,463,67
464,471,C-3312-1466-A112,1466,Plafond,6,37.1875,84.4375,50,2.6060956790123457,10,0,0,,364,464,67
465,461,C-3312-1460-A112,1460,Plafond,6,43.0,60.9375,50,1.8807870370370372,10,0,0,,369,465,67
467,463,C-3312-1461-A112,1461,Plafond,6,37.1875,82.875,50,2.5578703703703707,10,0,0,,388,467,67
468,478,C-3312-1471-A1,1471,Mur,6,37.188,83.938,25,2.5906790123456793,5,0,0,,452,468,67
462,498,C-3312-1484-A1,1484,Mur,6,43.0,96.0,20,2.9629629629629632,5,0,0,,332,462,67
469,436,C-3312-1042-A49,1042,Retour,6,43.0,114.0,100,3.5185185185185186,5,0,0,,454,469,68
474,467,C-3312-1464-A112,1464,Plafond,6,43.0,82.875,60,2.5578703703703707,25,0,1,,481,474,68
470,502,C-3312-1486-A112,1486,Plafond,6,43.0,96.0,50,2.9629629629629632,10,0,0,,461,470,68
475,499,C-3312-1484-A112,1484,Plafond,6,43.0,96.0,50,2.9629629629629632,10,0,0,,484,475,68
473,493,C-3312-1481-A1,1481,Mur,6,11.6875,104.3125,25,3.2195216049382718,5,0,0,,478,473,68
471,512,C-3312-1493-A1,1493,Mur,6,11.6875,106.5625,20,3.288966049382716,5,0,0,,464,471,68
472,495,C-3312-1482-A1,1482,Mur,6,43.0,96.0,20,2.9629629629629632,5,0,0,,467,472,68
478,435,C-3312-1041-A1,1041,Mur,6,43.0,114.0,155,3.5185185185185186,85,0,0,,506,478,69
481,440,C-3312-1048-A49,1048,Retour,6,43.0,114.0,100,3.5185185185185186,5,0,0,,562,481,69
477,497,C-3312-1483-A112,1483,Plafond,6,43.0,96.0,60,2.9629629629629632,25,0,1,,500,477,69
476,496,C-3312-1482-A112,1482,Plafond,6,43.0,96.0,50,2.9629629629629632,10,0,0,,494,476,69
479,484,C-3312-1474-A112,1474,Plafond,6,43.0,83.9375,50,2.590663580246914,10,0,0,,527,479,69
480,488,C-3312-1477-A112,1477,Plafond,6,43.0,104.3125,50,3.2195216049382718,10,0,0,,545,480,69
482,513,C-3312-1493-A112,1493,Plafond,6,11.6875,106.5625,20,3.288966049382716,5,0,0,,580,482,69
486,441,C-3312-1050-A1,1050,Mur,6,17.0625,114.0,70,3.5185185185185186,35,0,0,,616,486,70
483,500,C-3312-1485-A112,1485,Plafond,6,43.0,96.0,60,2.9629629629629632,25,0,1,,585,483,70
487,486,C-3312-1476-A112,1476,Plafond,6,43.0,104.3125,60,3.2195216049382718,25,0,1,,631,487,70
484,458,C-3312-1458-A112,1458,Plafond,6,43.0,60.9375,50,1.8807870370370372,10,0,0,,609,484,70
488,445,C-3312-1057-A1,1057,Mur,6,43.0,114.0,25,3.5185185185185186,5,0,0,,652,488,70
485,504,C-3312-1487-A112,1487,Plafond,6,11.6875,96.0,20,2.9629629629629632,5,0,0,,612,485,70
489,465,C-3312-1463-A1,1463,Mur,6,43.0,82.875,20,2.5578703703703707,5,0,0,,718,489,70
495,437,C-3312-1043-A49,1043,Retour,6,43.0,114.0,100,3.5185185185185186,5,0,0,,837,495,71
492,508,C-3312-1490-A112,1490,Plafond,6,43.0,107.5,60,3.3179012345679015,25,0,1,,787,492,71
494,475,C-3312-1469-A112,1469,Plafond,6,43.0,84.4375,60,2.6060956790123457,25,0,1,,822,494,71
496,485,C-3312-1475-A112,1475,Plafond,6,43.0,83.9375,60,2.590663580246914,25,0,1,,844,496,71
490,466,C-3312-1463-A112,1463,Plafond,6,43.0,82.875,50,2.5578703703703707,10,0,0,,767,490,71
491,444,C-3312-1056-A1,1056,Mur,6,43.0,114.0,25,3.5185185185185186,5,0,0,,784,491,71
493,501,C-3312-1486-A1,1486,Mur,6,43.0,96.0,20,2.9629629629629632,5,0,0,,794,493,71
501,447,C-3312-1247-A1,1247,Mur,6,43.0,114.0,215,3.5185185185185186,95,0,0,,929,501,72
503,451,C-3312-1267-A49,1267,Retour,6,43.0,114.0,100,3.5185185185185186,5,0,0,,937,503,72
497,482,C-3312-1473-A112,1473,Plafond,6,43.0,83.9375,60,2.590663580246914,25,0,1,,851,497,72
502,505,C-3312-1488-A112,1488,Plafond,6,43.0,107.5,60,3.3179012345679015,25,0,1,,934,502,72
498,469,C-3312-1465-A112,1465,Plafond,6,43.0,82.875,50,2.5578703703703707,10,0,0,,900,498,72
500,474,C-3312-1468-A112,1468,Plafond,6,43.0,84.4375,50,2.6060956790123457,10,0,0,,928,500,72
499,454,C-3312-1456-A1,1456,Mur,6,37.1875,60.9375,20,1.8807870370370372,5,0,0,,922,499,72
509,450,C-3312-1263-A1,1263,Mur,6,35.4375,114.0,100,3.5185185185185186,55,0,0,,1020,509,73
507,492,C-3312-1480-A112,1480,Plafond,6,43.0,104.3125,60,3.2195216049382718,25,0,1,,990,507,73
504,507,C-3312-1489-A112,1489,Plafond,6,43.0,107.5,50,3.3179012345679015,10,0,0,,954,504,73
508,442,C-3312-1052-A1,1052,Mur,6,31.0625,114.0,45,3.5185185185185186,10,0,0,,1017,508,73
505,468,C-3312-1465-A1,1465,Mur,6,43.0,82.875,20,2.5578703703703707,5,0,0,,976,505,73
506,506,C-3312-1489-A1,1489,Mur,6,43.0,107.5,20,3.3179012345679015,5,0,0,,983,506,73
510,490,C-3312-1479-A1,1479,Mur,6,43.0,104.3125,20,3.2195216049382718,5,0,0,,1039,510,73
511,448,C-3312-1248-A1,1248,Mur,6,43.0,114.0,145,3.5185185185185186,70,0,0,,1042,511,74
512,457,C-3312-1458-A1,1458,Mur,6,43.0,60.9375,20,1.8807870370370372,5,0,0,,1062,512,74
513,470,C-3312-1466-A1,1466,Mur,6,37.1875,84.4375,20,2.6060956790123457,5,0,0,,1083,513,74
515,530,C-3312-2050-A1,2050,Mur,7,43.0,114.0,90,3.5185185185185186,40,0,0,,20,515,74
514,552,C-3312-2308-A112,2308,Plafond,7,43.0,146.4375,60,4.5196759259259265,25,0,1,,4,514,74
516,578,C-3312-2324-A112,2324,Plafond,7,43.0,63.75,60,1.9675925925925928,25,0,1,,21,516,74
517,532,C-3312-2052-A1,2052,Mur,7,46.5,114.0,55,3.5185185185185186,25,0,0,,27,517,74
522,528,C-3312-2046-A1,2046,Mur,7,39.375,114.0,90,3.5185185185185186,40,0,0,,85,522,75
518,567,C-3312-2317-A112,2317,Plafond,7,43.0,116.25,50,3.5879629629629632,10,0,0,,36,518,75
520,582,C-3312-2326-A112,2326,Plafond,7,43.0,63.75,50,1.9675925925925928,10,0,0,,64,520,75
524,572,C-3312-2320-A112,2320,Plafond,7,43.0,108.0,50,3.3333333333333335,10,0,0,,128,524,75
521,515,C-3312-2010-A8,2010,Coin,7,33.75,114.0,45,3.5185185185185186,10,0,0,,83,521,75
519,554,C-3312-2310-A1,2310,Mur,7,11.25,146.4375,20,4.5196759259259265,5,0,0,,54,519,75
523,536,C-3312-2198-A1,2198,Mur,7,12.75,113.375,20,3.4992283950617287,5,0,0,,116,523,75
527,525,C-3312-2041-A1,2041,Mur,7,49.0,114.0,60,3.5185185185185186,25,0,0,,184,527,76
528,534,C-3312-2187-A8,2187,Coin,7,33.75,114.0,45,3.5185185185185186,10,0,0,,186,528,76
530,529,C-3312-2049-A1,2049,Mur,7,42.625,114.0,25,3.5185185185185186,5,0,0,,193,530,76
525,576,C-3312-2323-A1,2323,Mur,7,43.0,63.75,20,1.9675925925925928,5,0,0,,159,525,76
526,541,C-3312-2302-A1,2302,Mur,7,36.0,117.5,20,3.6265432098765435,5,0,0,,176,526,76
529,569,C-3312-2318-A112,2318,Plafond,7,14.25,116.25,20,3.5879629629629632,5,0,0,,191,529,76
531,547,C-3312-2305-A1,2305,Mur,7,39.25,117.5,20,3.6265432098765435,5,0,0,,224,531,76
535,585,C-3312-2328-A112,2328,Plafond,7,43.0,63.75,60,1.9675925925925928,25,0,1,,286,535,77
536,575,C-3312-2322-A112,2322,Plafond,7,43.0,108.0,50,3.3333333333333335,10,0,0,,293,536,77
537,557,C-3312-2311-A112,2311,Plafond,7,43.0,55.125,50,1.701388888888889,10,0,0,,306,537,77
534,533,C-3312-2186-A8,2186,Coin,7,33.75,114.0,45,3.5185185185185186,10,0,0,,278,534,77
532,568,C-3312-2318-A1,2318,Mur,7,14.25,116.25,25,3.5879629629629632,5,0,0,,250,532,77
538,517,C-3312-2012-A1,2012,Mur,7,43.0,114.0,25,3.5185185185185186,5,0,0,,316,538,77
533,590,C-3312-2331-A1,2331,Mur,7,43.0,63.75,20,1.9675925925925928,5,0,0,,254,533,77
543,531,C-3312-2051-A1,2051,Mur,7,43.0,114.0,100,3.5185185185185186,55,0,0,,361,543,78
542,551,C-3312-2307-A112,2307,Plafond,7,43.0,146.4375,60,4.5196759259259265,25,0,1,,353,542,78
545,580,C-3312-2325-A112,2325,Plafond,7,43.0,63.75,50,1.9675925925925928,10,0,0,,411,545,78
539,583,C-3312-2327-A1,2327,Mur,7,43.0,63.75,20,1.9675925925925928,5,0,0,,321,539,78
540,579,C-3312-2325-A1,2325,Mur,7,43.0,63.75,20,1.9675925925925928,5,0,0,,331,540,78
541,556,C-3312-2311-A1,2311,Mur,7,43.0,55.125,20,1.701388888888889,5,0,0,,348,541,78
544,548,C-3312-2305-A112,2305,Plafond,7,11.25,117.5,20,3.6265432098765435,5,0,0,,398,544,78
550,522,C-3312-2028-A1,2028,Mur,7,43.0,114.0,70,3.5185185185185186,35,0,0,,472,550,79
546,535,C-3312-2189-A1,2189,Mur,7,21.375,114.0,25,3.5185185185185186,5,0,0,,416,546,79
547,516,C-3312-2011-A1,2011,Mur,7,18.125,114.0,25,3.5185185185185186,5,0,0,,417,547,79
548,543,C-3312-2303-A1,2303,Mur,7,36.0,117.5,20,3.6265432098765435,5,0,0,,435,548,79
549,571,C-3312-2320-A1,2320,Mur,7,43.0,108.0,20,3.3333333333333335,5,0,0,,440,549,79
551,549,C-3312-2306-A1,2306,Mur,7,43.0,79.6875,20,2.459490740740741,5,0,0,,493,551,79
552,539,C-3312-2301-A1,2301,Mur,7,36.0,117.5,20,3.6265432098765435,5,0,0,,513,552,79
554,558,C-3312-2312-A112,2312,Plafond,7,43.0,55.125,60,1.701388888888889,25,0,1,,559,554,80
555,565,C-3312-2316-A112,2316,Plafond,7,43.0,116.25,60,3.5879629629629632,25,0,1,,564,555,80
553,542,C-3312-2302-A112,2302,Plafond,7,43.0,117.5,50,3.6265432098765435,10,0,0,,523,553,80
556,540,C-3312-2301-A112,2301,Plafond,7,43.0,117.5,50,3.6265432098765435,10,0,0,,568,556,80
557,546,C-3312-2304-A112,2304,Plafond,7,43.0,117.5,50,3.6265432098765435,10,0,0,,572,557,80
558,591,C-3312-2331-A112,2331,Plafond,7,43.0,63.75,50,1.9675925925925928,10,0,0,,588,558,80
559,550,C-3312-2306-A112,2306,Plafond,7,43.0,146.4375,50,4.5196759259259265,10,0,0,,591,559,80
561,573,C-3312-2321-A112,2321,Plafond,7,35.875,108.0,60,3.3333333333333335,25,0,1,,623,561,81
563,544,C-3312-2303-A112,2303,Plafond,7,43.0,117.5,50,3.6265432098765435,10,0,0,,659,563,81
560,586,C-3312-2329-A1,2329,Mur,7,43.0,63.75,20,1.9675925925925928,5,0,0,,600,560,81
562,566,C-3312-2317-A1,2317,Mur,7,43.0,116.25,20,3.5879629629629632,5,0,0,,627,562,81
564,588,C-3312-2330-A1,2330,Mur,7,43.0,63.75,20,1.9675925925925928,5,0,0,,664,564,81
565,559,C-3312-2313-A1,2313,Mur,7,43.0,55.125,20,1.701388888888889,5,0,0,,673,565,81
566,581,C-3312-2326-A1,2326,Mur,7,43.0,63.75,20,1.9675925925925928,5,0,0,,695,566,81
570,521,C-3312-2021-A1,2021,Mur,7,43.0,114.0,85,3.5185185185185186,45,0,0,,776,570,82
568,553,C-3312-2309-A112,2309,Plafond,7,43.0,146.4375,60,4.5196759259259265,25,0,1,,734,568,82
573,594,C-3312-2333-A112,2333,Plafond,7,43.0,63.75,50,1.9675925925925928,10,0,0,,810,573,82
572,518,C-3312-2015-A8,2015,Coin,7,33.75,114.0,45,3.5185185185185186,10,0,0,,807,572,82
571,538,C-3312-2200-A1,2200,Mur,7,7.125,114.0,25,3.5185185185185186,5,0,0,,804,571,82
567,555,C-3312-2310-A112,2310,Plafond,7,11.25,146.4375,20,4.5196759259259265,5,0,0,,697,567,82
569,545,C-3312-2304-A1,2304,Mur,7,36.0,117.5,20,3.6265432098765435,5,0,0,,757,569,82
577,524,C-3312-2040-A49,2040,Retour,7,43.0,114.0,100,3.5185185185185186,5,0,0,,840,577,83
574,592,C-3312-2332-A112,2332,Plafond,7,43.0,63.75,60,1.9675925925925928,25,0,1,,814,574,83
576,570,C-3312-2319-A112,2319,Plafond,7,55.0,108.0,60,3.3333333333333335,25,0,1,,830,576,83
575,587,C-3312-2329-A112,2329,Plafond,7,43.0,63.75,50,1.9675925925925928,10,0,0,,825,575,83
580,589,C-3312-2330-A112,2330,Plafond,7,43.0,63.75,50,1.9675925925925928,10,0,0,,862,580,83
578,519,C-3312-2016-A1,2016,Mur,7,35.125,114.0,25,3.5185185185185186,5,0,0,,843,578,83
579,562,C-3312-2314-A112,2314,Plafond,7,14.25,55.125,20,1.701388888888889,5,0,0,,852,579,83
582,514,C-3312-2001-A49,2001,Retour,7,43.0,114.0,100,3.5185185185185186,5,0,0,,875,582,84
585,523,C-3312-2039-A1,2039,Mur,7,43.0,114.0,85,3.5185185185185186,45,0,0,,939,585,84
584,560,C-3312-2313-A112,2313,Plafond,7,43.0,55.125,50,1.701388888888889,10,0,0,,915,584,84
587,526,C-3312-2042-A1,2042,Mur,7,32.0,114.0,30,3.5185185185185186,5,0,0,,958,587,84
583,563,C-3312-2315-A1,2315,Mur,7,43.0,106.9375,25,3.3005401234567904,5,0,0,,876,583,84
586,537,C-3312-2199-A1,2199,Mur,7,7.125,114.0,25,3.5185185185185186,5,0,0,,951,586,84
581,561,C-3312-2314-A1,2314,Mur,7,14.25,55.125,20,1.701388888888889,5,0,0,,867,581,84
588,564,C-3312-2315-A112,2315,Plafond,7,43.0,116.25,50,3.5879629629629632,10,0,0,,963,588,85
589,577,C-3312-2323-A112,2323,Plafond,7,43.0,63.75,50,1.9675925925925928,10,0,0,,965,589,85
594,584,C-3312-2327-A112,2327,Plafond,7,43.0,63.75,50,1.9675925925925928,10,0,0,,1074,594,85
591,527,C-3312-2044-A1,2044,Mur,7,43.0,114.0,40,3.5185185185185186,15,0,0,,1009,591,85
590,520,C-3312-2018-A1,2018,Mur,7,43.0,114.0,25,3.5185185185185186,5,0,0,,973,590,85
592,574,C-3312-2322-A1,2322,Mur,7,43.0,108.0,20,3.3333333333333335,5,0,0,,1035,592,85
593,593,C-3312-2333-A1,2333,Mur,7,43.0,63.75,20,1.9675925925925928,5,0,0,,1041,593,85
595,605,C-3312-2109-A1,2109,Mur,8,16.0625,150.0,55,4.62962962962963,25,0,0,,19,595,86
599,616,C-3312-2122-A1,2122,Mur,8,43.0,114.0,40,3.5185185185185186,15,0,0,,62,599,86
596,640,C-3312-2339-A1,2339,Mur,8,43.0,115.75,25,3.572530864197531,5,0,0,,25,596,86
598,601,C-3312-2069-A1,2069,Mur,8,11.875,114.0,25,3.5185185185185186,5,0,0,,59,598,86
597,679,C-3312-2364-A1,2364,Mur,8,24.4375,123.4375,20,3.8097993827160495,5,0,0,,29,597,86
600,646,C-3312-2343-A1,2343,Mur,8,47.4375,115.75,20,3.572530864197531,5,0,0,,63,600,86
601,651,C-3312-2346-A1,2346,Mur,8,43.0,87.25,20,2.6929012345679015,5,0,0,,67,601,86
607,628,C-3312-2138-A1,2138,Mur,8,43.0,114.0,85,3.5185185185185186,45,0,0,,109,607,87
604,600,C-3312-2067-A1,2067,Mur,8,22.5,114.0,75,3.5185185185185186,30,0,0,,99,604,87
603,618,C-3312-2125-A1,2125,Mur,8,43.0,110.0,70,3.3950617283950617,35,0,0,,84,603,87
606,660,C-3312-2351-A112,2351,Plafond,8,43.0,102.5625,50,3.1655092592592595,10,0,0,,103,606,87
605,612,C-3312-2118-A1,2118,Mur,8,43.0,114.0,25,3.5185185185185186,5,0,0,,102,605,87
608,665,C-3312-2355-A1,2355,Mur,8,38.9375,102.5625,25,3.1655092592592595,5,0,0,,124,608,87
602,686,C-3312-2368-A1,2368,Mur,8,43.0,113.0,20,3.4876543209876543,5,0,0,,69,602,87
614,606,C-3312-2111-A1,2111,Mur,8,23.375,150.0,70,4.62962962962963,35,0,0,,210,614,88
609,627,C-3312-2137-A1,2137,Mur,8,43.0,114.0,55,3.5185185185185186,25,0,0,,131,609,88
612,672,C-3312-2359-A112,2359,Plafond,8,30.125,90.5625,50,2.795138888888889,10,0,0,,152,612,88
613,644,C-3312-2341-A112,2341,Plafond,8,34.125,115.75,50,3.572530864197531,10,0,0,,189,613,88
615,682,C-3312-2365-A112,2365,Plafond,8,43.0,123.4375,50,3.8097993827160495,10,0,0,,220,615,88
610,624,C-3312-2134-A1,2134,Mur,8,43.0,114.0,25,3.5185185185185186,5,0,0,,136,610,88
611,671,C-3312-2359-A1,2359,Mur,8,30.125,90.5625,20,2.795138888888889,5,0,0,,137,611,88
617,595,C-3312-2053-A1,2053,Mur,8,21.6875,114.0,30,3.5185185185185186,5,0,0,,235,617,89
616,668,C-3312-2357-A1,2357,Mur,8,43.0,90.5625,20,2.795138888888889,5,0,0,,222,616,89
618,643,C-3312-2341-A1,2341,Mur,8,34.125,115.75,20,3.572530864197531,5,0,0,,249,618,89
619,654,C-3312-2348-A1,2348,Mur,8,43.0,87.25,20,2.6929012345679015,5,0,0,,272,619,89
620,684,C-3312-2367-A1,2367,Mur,8,43.0,113.0,20,3.4876543209876543,5,0,0,,287,620,89
621,674,C-3312-2361-A1,2361,Mur,8,43.0,96.75,20,2.986111111111111,5,0,0,,297,621,89
622,633,C-3312-2334-A112,2334,Plafond,8,26.8125,115.75,20,3.572530864197531,5,0,0,,304,622,89
623,656,C-3312-2349-A112,2349,Plafond,8,43.0,87.25,60,2.6929012345679015,25,0,1,,312,623,90
629,645,C-3312-2342-A112,2342,Plafond,8,34.125,115.75,60,3.572530864197531,25,0,1,,394,629,90
624,599,C-3312-2064-A1,2064,Mur,8,33.0,114.0,55,3.5185185185185186,25,0,0,,314,624,90
626,675,C-3312-2361-A112,2361,Plafond,8,43.0,96.75,50,2.986111111111111,10,0,0,,334,626,90
625,622,C-3312-2132-A1,2132,Mur,8,43.0,114.0,25,3.5185185185185186,5,0,0,,315,625,90
627,596,C-3312-2056-A1,2056,Mur,8,43.0,114.0,25,3.5185185185185186,5,0,0,,339,627,90
628,657,C-3312-2350-A1,2350,Mur,8,38.9375,87.25,25,2.6929012345679015,5,0,0,,383,628,90
633,608,C-3312-2113-A1,2113,Mur,8,34.5,150.0,55,4.62962962962963,25,0,0,,462,633,91
636,619,C-3312-2127-A1,2127,Mur,8,29.875,114.0,55,3.5185185185185186,25,0,0,,521,636,91
632,641,C-3312-2339-A112,2339,Plafond,8,43.0,115.75,50,3.572530864197531,10,0,0,,443,632,91
634,607,C-3312-2112-A8,2112,Coin,8,33.75,149.875,45,4.625771604938272,10,0,0,,479,634,91
631,598,C-3312-2060-A1,2060,Mur,8,43.0,114.0,40,3.5185185185185186,15,0,0,,415,631,91
630,659,C-3312-2351-A1,2351,Mur,8,43.0,102.5625,20,3.1655092592592595,5,0,0,,405,630,91
635,662,C-3312-2353-A1,2353,Mur,8,43.0,102.5625,20,3.1655092592592595,5,0,0,,480,635,91
637,653,C-3312-2347-A112,2347,Plafond,8,43.0,87.25,60,2.6929012345679015,25,0,1,,529,637,92
642,670,C-3312-2358-A112,2358,Plafond,8,43.0,90.5625,60,2.795138888888889,25,0,1,,604,642,92
638,663,C-3312-2353-A112,2353,Plafond,8,43.0,102.5625,50,3.1655092592592595,10,0,0,,540,638,92
643,678,C-3312-2363-A112,2363,Plafond,8,30.125,96.75,50,2.986111111111111,10,0,0,,605,643,92
639,620,C-3312-2128-A1,2128,Mur,8,43.0,114.0,40,3.5185185185185186,15,0,0,,551,639,92
640,630,C-3312-2140-A1,2140,Mur,8,43.0,114.0,40,3.5185185185185186,15,0,0,,574,640,92
641,634,C-3312-2335-A1,2335,Mur,8,43.0,115.75,20,3.572530864197531,5,0,0,,599,641,92
649,673,C-3312-2360-A112,2360,Plafond,8,43.0,96.75,60,2.986111111111111,25,0,1,,647,649,93
647,650,C-3312-2345-A112,2345,Plafond,8,34.125,115.75,50,3.572530864197531,10,0,0,,641,647,93
645,621,C-3312-2131-A1,2131,Mur,8,43.0,114.0,40,3.5185185185185186,15,0,0,,620,645,93
646,626,C-3312-2136-A1,2136,Mur,8,38.125,114.0,40,3.5185185185185186,15,0,0,,633,646,93
648,602,C-3312-2105-A1,2105,Mur,8,16.0625,150.0,25,4.62962962962963,5,0,0,,646,648,93
650,613,C-3312-2119-A1,2119,Mur,8,43.0,114.0,25,3.5185185185185186,5,0,0,,648,650,93
644,677,C-3312-2363-A1,2363,Mur,8,30.125,96.75,20,2.986111111111111,5,0,0,,613,644,93
651,664,C-3312-2354-A112,2354,Plafond,8,43.0,102.5625,60,3.1655092592592595,25,0,1,,656,651,94
656,639,C-3312-2338-A112,2338,Plafond,8,43.0,115.75,60,3.572530864197531,25,0,1,,696,656,94
657,683,C-3312-2366-A112,2366,Plafond,8,43.0,113.0,60,3.4876543209876543,25,0,1,,725,657,94
653,611,C-3312-2117-A1,2117,Mur,8,43.0,114.0,40,3.5185185185185186,15,0,0,,674,653,94
655,610,C-3312-2116-A1,2116,Mur,8,43.0,114.0,40,3.5185185185185186,15,0,0,,692,655,94
652,625,C-3312-2135-A1,2135,Mur,8,19.0625,114.0,25,3.5185185185185186,5,0,0,,658,652,94
654,629,C-3312-2139-A1,2139,Mur,8,43.0,114.0,25,3.5185185185185186,5,0,0,,687,654,94
658,666,C-3312-2355-A112,2355,Plafond,8,38.9375,102.5625,50,3.1655092592592595,10,0,0,,727,658,95
660,647,C-3312-2343-A112,2343,Plafond,8,47.4375,115.75,50,3.572530864197531,10,0,0,,790,660,95
663,658,C-3312-2350-A112,2350,Plafond,8,38.9375,87.25,50,2.6929012345679015,10,0,0,,817,663,95
661,597,C-3312-2058-A1,2058,Mur,8,43.0,114.0,40,3.5185185185185186,15,0,0,,796,661,95
659,637,C-3312-2337-A1,2337,Mur,8,43.0,115.75,20,3.572530864197531,5,0,0,,762,659,95
662,649,C-3312-2345-A1,2345,Mur,8,34.125,115.75,20,3.572530864197531,5,0,0,,806,662,95
664,680,C-3312-2364-A112,2364,Plafond,8,24.4375,123.4375,20,3.8097993827160495,5,0,0,,821,664,95
666,676,C-3312-2362-A112,2362,Plafond,8,43.0,96.75,60,2.986111111111111,25,0,1,,839,666,96
669,655,C-3312-2348-A112,2348,Plafond,8,43.0,87.25,50,2.6929012345679015,10,0,0,,874,669,96
671,685,C-3312-2367-A112,2367,Plafond,8,43.0,113.0,50,3.4876543209876543,10,0,0,,891,671,96
667,623,C-3312-2133-A1,2133,Mur,8,43.0,114.0,45,3.5185185185185186,10,0,0,,845,667,96
665,631,C-3312-2192-A1,2192,Mur,8,17.625,114.0,25,3.5185185185185186,5,0,0,,836,665,96
670,681,C-3312-2365-A1,2365,Mur,8,43.0,123.4375,25,3.8097993827160495,5,0,0,,889,670,96
668,632,C-3312-2334-A1,2334,Mur,8,26.68125,115.75,20,3.572530864197531,5,0,0,,855,668,96
673,648,C-3312-2344-A112,2344,Plafond,8,47.4375,115.75,60,3.572530864197531,25,0,1,,904,673,97
675,669,C-3312-2357-A112,2357,Plafond,8,43.0,90.5625,50,2.795138888888889,10,0,0,,927,675,97
677,652,C-3312-2346-A112,2346,Plafond,8,43.0,87.25,50,2.6929012345679015,10,0,0,,972,677,97
678,687,C-3312-2368-A112,2368,Plafond,8,43.0,113.0,50,3.4876543209876543,10,0,0,,987,678,97
676,609,C-3312-2115-A8,2115,Coin,8,33.75,149.875,45,4.625771604938272,10,0,0,,930,676,97
672,614,C-3312-2120-A1,2120,Mur,8,43.0,114.0,40,3.5185185185185186,15,0,0,,902,672,97
674,603,C-3312-2107-A1,2107,Mur,8,12.125,150.0,40,4.62962962962963,15,0,0,,909,674,97
682,604,C-3312-2108-A1,2108,Mur,8,43.0,150.0,110,4.62962962962963,25,0,0,,1030,682,98
680,661,C-3312-2352-A112,2352,Plafond,8,43.0,102.5625,60,3.1655092592592595,25,0,1,,1013,680,98
685,642,C-3312-2340-A112,2340,Plafond,8,43.0,115.75,60,3.572530864197531,25,0,1,,1082,685,98
683,615,C-3312-2121-A1,2121,Mur,8,43.0,114.0,55,3.5185185185185186,25,0,0,,1045,683,98
679,635,C-3312-2335-A112,2335,Plafond,8,43.0,115.75,50,3.572530864197531,10,0,0,,992,679,98
681,638,C-3312-2337-A112,2337,Plafond,8,43.0,115.75,50,3.572530864197531,10,0,0,,1027,681,98
684,617,C-3312-2123-A1,2123,Mur,8,43.0,114.0,25,3.5185185185185186,5,0,0,,1068,684,98
686,667,C-3312-2356-A112,2356,Plafond,8,43.0,90.5625,60,2.795138888888889,25,0,1,,1084,686,99
687,636,C-3312-2336-A112,2336,Plafond,8,43.0,115.75,60,3.572530864197531,25,0,1,,1096,687,99
691,693,C-3312-2150-A1,2150,Mur,9,43.0,114.0,85,3.5185185185185186,45,0,0,,80,691,99
690,694,C-3312-2156-A1,2156,Mur,9,12.375,114.0,70,3.5185185185185186,35,0,0,,72,690,99
689,703,C-3312-2372-A112,2372,Plafond,9,43.0,113.0,50,3.4876543209876543,10,0,0,,47,689,99
692,689,C-3312-2100-A1,2100,Mur,9,43.0,150.0,30,4.62962962962963,5,0,0,,101,692,99
688,699,C-3312-2195-A1,2195,Mur,9,15.625,114.0,25,3.5185185185185186,5,0,0,,8,688,99
695,692,C-3312-2104-A1,2104,Mur,9,43.0,150.0,85,4.62962962962963,45,0,0,,213,695,100
697,729,C-3312-2397-A112,2397,Plafond,9,33.1875,82.0,60,2.5308641975308643,25,0,1,,230,697,100
693,688,C-3312-2072-A1,2072,Mur,9,43.0,114.0,55,3.5185185185185186,25,0,0,,120,693,100
694,720,C-3312-2390-A112,2390,Plafond,9,29.25,88.0625,50,2.7179783950617287,10,0,0,,177,694,100
696,717,C-3312-2388-A112,2388,Plafond,9,43.0,139.5625,50,4.307484567901235,10,0,0,,223,696,100
699,714,C-3312-2386-A112,2386,Plafond,9,43.0,139.5625,50,4.307484567901235,10,0,0,,236,699,100
698,716,C-3312-2388-A1,2388,Mur,9,43.0,139.5625,25,4.307484567901235,5,0,0,,233,698,100
701,690,C-3312-2101-A1,2101,Mur,9,28.125,150.0,95,4.62962962962963,45,0,0,,289,701,101
700,728,C-3312-2396-A112,2396,Plafond,9,33.1875,75.25,60,2.322530864197531,25,0,1,,262,700,101
706,723,C-3312-2392-A112,2392,Plafond,9,43.0,106.25,60,3.2793209876543212,25,0,1,,489,706,101
703,722,C-3312-2391-A112,2391,Plafond,9,43.0,106.25,50,3.2793209876543212,10,0,0,,397,703,101
704,706,C-3312-2381-A112,2381,Plafond,9,43.0,116.25,50,3.5879629629629632,10,0,0,,437,704,101
705,704,C-3312-2373-A112,2373,Plafond,9,43.0,113.0,50,3.4876543209876543,10,0,0,,460,705,101
702,696,C-3312-2164-A1,2164,Mur,9,11.125,114.0,40,3.5185185185185186,15,0,0,,366,702,101
707,710,C-3312-2384-A112,2384,Plafond,9,43.0,116.25,60,3.5879629629629632,25,0,1,,518,707,102
708,701,C-3312-2370-A112,2370,Plafond,9,43.0,113.0,60,3.4876543209876543,25,0,1,,520,708,102
709,691,C-3312-2102-A1,2102,Mur,9,43.0,150.0,55,4.62962962962963,25,0,0,,543,709,102
713,731,C-3312-2398-A112,2398,Plafond,9,33.1875,82.0,50,2.5308641975308643,10,0,0,,589,713,102
711,721,C-3312-2391-A1,2391,Mur,9,43.0,106.25,25,3.2793209876543212,5,0,0,,553,711,102
710,725,C-3312-2393-A112,2393,Plafond,9,12.6875,106.25,20,3.2793209876543212,5,0,0,,548,710,102
712,713,C-3312-2386-A1,2386,Mur,9,43.0,139.5625,20,4.307484567901235,5,0,0,,581,712,102
716,698,C-3312-2169-A1,2169,Mur,9,28.0,114.0,75,3.5185185185185186,30,0,0,,644,716,103
714,732,C-3312-2399-A112,2399,Plafond,9,33.1875,82.0,60,2.5308641975308643,25,0,1,,590,714,103
717,718,C-3312-2389-A112,2389,Plafond,9,43.0,88.0625,60,2.7179783950617287,25,0,1,,645,717,103
718,707,C-3312-2382-A112,2382,Plafond,9,43.0,116.25,60,3.5879629629629632,25,0,1,,716,718,103
719,727,C-3312-2395-A112,2395,Plafond,9,33.1875,75.25,50,2.322530864197531,10,0,0,,731,719,103
715,711,C-3312-2385-A1,2385,Mur,9,29.25,116.25,20,3.5879629629629632,5,0,0,,632,715,103
720,708,C-3312-2383-A1,2383,Mur,9,43.0,116.25,20,3.5879629629629632,5,0,0,,732,720,103
724,715,C-3312-2387-A112,2387,Plafond,9,43.0,139.5625,60,4.307484567901235,25,0,1,,865,724,104
726,726,C-3312-2394-A112,2394,Plafond,9,33.1875,75.25,60,2.322530864197531,25,0,1,,907,726,104
721,700,C-3312-2369-A112,2369,Plafond,9,43.0,113.0,50,3.4876543209876543,10,0,0,,832,721,104
725,712,C-3312-2385-A112,2385,Plafond,9,29.25,116.25,50,3.5879629629629632,10,0,0,,897,725,104
727,695,C-3312-2160-A1,2160,Mur,9,11.8125,114.0,40,3.5185185185185186,15,0,0,,917,727,104
722,724,C-3312-2393-A1,2393,Mur,9,12.6875,106.25,20,3.2793209876543212,5,0,0,,841,722,104
723,730,C-3312-2398-A1,2398,Mur,9,33.1875,82.0,20,2.5308641975308643,5,0,0,,860,723,104
728,697,C-3312-2166-A1,2166,Mur,9,43.0,114.0,60,3.5185185185185186,20,0,0,,919,728,105
729,709,C-3312-2383-A112,2383,Plafond,9,43.0,116.25,50,3.5879629629629632,10,0,0,,961,729,105
730,702,C-3312-2371-A112,2371,Plafond,9,43.0,113.0,50,3.4876543209876543,10,0,0,,1000,730,105
732,719,C-3312-2390-A1,2390,Mur,9,29.25,88.0625,25,2.7179783950617287,5,0,0,,1091,732,105
731,705,C-3312-2381-A1,2381,Mur,9,43.0,116.25,20,3.5879629629629632,5,0,0,,1090,731,105
734,739,C-3312-2089-A1,2089,Mur,10,25.0,120.0,60,3.7037037037037037,20,0,0,,9,734,105
733,750,C-3312-2181-A1,2181,Mur,10,20.625,114.0,40,3.5185185185185186,15,0,0,,5,733,105
736,743,C-3312-2095-A1,2095,Mur,10,27.25,150.0,115,4.62962962962963,65,0,0,,31,736,106
739,744,C-3312-2096-A1,2096,Mur,10,43.0,150.0,115,4.62962962962963,65,0,0,,74,739,106
738,752,C-3312-2185-A1,2185,Mur,10,43.0,114.0,85,3.5185185185185186,45,0,0,,55,738,106
735,771,C-3312-2406-A112,2406,Plafond,10,43.0,102.0625,60,3.150077160493827,25,0,1,,14,735,106
740,791,C-3312-2418-A112,2418,Plafond,10,43.0,130.0,50,4.012345679012346,10,0,0,,139,740,106
741,778,C-3312-2410-A112,2410,Plafond,10,43.0,130.0,50,4.012345679012346,10,0,0,,142,741,106
737,747,C-3312-2175-A1,2175,Mur,10,27.875,114.0,45,3.5185185185185186,15,0,0,,49,737,106
742,734,C-3312-2077-A1,2077,Mur,10,43.0,114.0,140,3.5185185185185186,45,0,0,,151,742,107
745,745,C-3312-2097-A1,2097,Mur,10,43.0,109.5,105,3.3796296296296298,25,0,0,,211,745,107
747,735,C-3312-2080-A1,2080,Mur,10,27.9375,114.0,85,3.5185185185185186,45,0,0,,221,747,107
743,795,C-3312-2421-A112,2421,Plafond,10,43.0,64.75,60,1.998456790123457,25,0,1,,206,743,107
746,754,C-3312-2374-A112,2374,Plafond,10,43.0,113.0,60,3.4876543209876543,25,0,1,,218,746,107
748,792,C-3312-2419-A112,2419,Plafond,10,43.0,130.0,60,4.012345679012346,25,0,1,,283,748,107
744,770,C-3312-2405-A112,2405,Plafond,10,43.0,102.0625,50,3.150077160493827,10,0,0,,209,744,107
751,768,C-3312-2404-A112,2404,Plafond,10,43.0,102.0625,60,3.150077160493827,25,0,1,,313,751,108
753,789,C-3312-2417-A112,2417,Plafond,10,43.0,130.0,60,4.012345679012346,25,0,1,,347,753,108
754,783,C-3312-2413-A112,2413,Plafond,10,43.0,111.5,50,3.441358024691358,10,0,0,,378,754,108
755,760,C-3312-2380-A112,2380,Plafond,10,43.0,113.0,50,3.4876543209876543,10,0,0,,407,755,108
749,788,C-3312-2416-A112,2416,Plafond,10,17.5,130.0,20,4.012345679012346,5,0,0,,302,749,108
750,762,C-3312-2400-A112,2400,Plafond,10,17.5,102.0625,20,3.150077160493827,5,0,0,,303,750,108
752,766,C-3312-2403-A1,2403,Mur,10,43.0,102.0625,20,3.150077160493827,5,0,0,,341,752,108
762,741,C-3312-2093-A1,2093,Mur,10,43.0,150.0,140,4.62962962962963,75,0,0,,469,762,109
756,767,C-3312-2403-A112,2403,Plafond,10,43.0,102.0625,50,3.150077160493827,10,0,0,,419,756,109
757,786,C-3312-2415-A112,2415,Plafond,10,43.0,111.5,50,3.441358024691358,10,0,0,,422,757,109
758,757,C-3312-2377-A112,2377,Plafond,10,43.0,113.0,50,3.4876543209876543,10,0,0,,434,758,109
759,794,C-3312-2420-A112,2420,Plafond,10,30.8125,130.0,50,4.012345679012346,10,0,0,,447,759,109
761,797,C-3312-2422-A112,2422,Plafond,10,43.0,64.75,50,1.998456790123457,10,0,0,,457,761,109
760,777,C-3312-2410-A1,2410,Mur,10,43.0,130.0,25,4.012345679012346,5,0,0,,455,760,109
765,733,C-3312-2076-A1,2076,Mur,10,43.0,114.0,125,3.5185185185185186,35,0,0,,556,765,110
764,776,C-3312-2409-A112,2409,Plafond,10,43.0,130.0,60,4.012345679012346,25,0,1,,526,764,110
766,803,C-3312-2426-A112,2426,Plafond,10,43.0,71.375,50,2.2029320987654324,10,0,0,,565,766,110
768,769,C-3312-2405-A1,2405,Mur,10,43.0,102.0625,25,3.150077160493827,5,0,0,,578,768,110
763,806,C-3312-2428-A112,2428,Plafond,10,22.0,71.375,20,2.2029320987654324,5,0,0,,502,763,110
767,763,C-3312-2401-A1,2401,Mur,10,43.0,102.0625,20,3.150077160493827,5,0,0,,569,767,110
769,805,C-3312-2428-A1,2428,Mur,10,22.0,71.375,20,2.2029320987654324,5,0,0,,615,769,110
774,736,C-3312-2085-A1,2085,Mur,10,47.0,114.0,120,3.5185185185185186,60,0,0,,694,774,111
772,801,C-3312-2425-A112,2425,Plafond,10,43.0,71.375,60,2.2029320987654324,25,0,1,,639,772,111
776,798,C-3312-2423-A112,2423,Plafond,10,43.0,64.75,60,1.998456790123457,25,0,1,,719,776,111
771,764,C-3312-2401-A112,2401,Plafond,10,43.0,102.0625,50,3.150077160493827,10,0,0,,637,771,111
773,780,C-3312-2411-A112,2411,Plafond,10,43.0,130.0,50,4.012345679012346,10,0,0,,685,773,111
770,772,C-3312-2407-A1,2407,Mur,10,43.0,102.0625,20,3.150077160493827,5,0,0,,634,770,111
775,793,C-3312-2420-A1,2420,Mur,10,30.8125,130.0,20,4.012345679012346,5,0,0,,704,775,111
781,746,C-3312-2099-A1,2099,Mur,10,43.0,109.5,105,3.3796296296296298,25,0,0,,763,781,112
779,804,C-3312-2427-A112,2427,Plafond,10,43.0,71.375,60,2.2029320987654324,25,0,1,,751,779,112
780,781,C-3312-2412-A112,2412,Plafond,10,43.0,130.0,60,4.012345679012346,25,0,1,,761,780,112
777,755,C-3312-2375-A112,2375,Plafond,10,43.0,113.0,50,3.4876543209876543,10,0,0,,738,777,112
783,756,C-3312-2376-A112,2376,Plafond,10,43.0,113.0,50,3.4876543209876543,10,0,0,,811,783,112
778,751,C-3312-2182-A1,2182,Mur,10,20.25,114.0,40,3.5185185185185186,15,0,0,,741,778,112
782,799,C-3312-2424-A1,2424,Mur,10,22.0,64.75,20,1.998456790123457,5,0,0,,770,782,112
784,749,C-3312-2178-A1,2178,Mur,10,43.0,114.0,60,3.5185185185185186,20,0,0,,812,784,113
789,765,C-3312-2402-A112,2402,Plafond,10,43.0,102.0625,60,3.150077160493827,25,0,1,,863,789,113
785,759,C-3312-2379-A112,2379,Plafond,10,43.0,113.0,50,3.4876543209876543,10,0,0,,816,785,113
788,782,C-3312-2413-A1,2413,Mur,10,43.0,111.5,25,3.441358024691358,5,0,0,,857,788,113
786,802,C-3312-2426-A1,2426,Mur,10,43.0,71.375,20,2.2029320987654324,5,0,0,,827,786,113
787,800,C-3312-2424-A112,2424,Plafond,10,22.0,64.75,20,1.998456790123457,5,0,0,,846,787,113
790,779,C-3312-2411-A1,2411,Mur,10,43.0,130.0,20,4.012345679012346,5,0,0,,879,790,113
794,737,C-3312-2087-A49,2087,Retour,10,43.0,120.0,100,3.7037037037037037,5,0,0,,942,794,114
792,742,C-3312-2094-A1,2094,Mur,10,43.0,150.0,95,4.62962962962963,45,0,0,,924,792,114
795,758,C-3312-2378-A112,2378,Plafond,10,43.0,113.0,60,3.4876543209876543,25,0,1,,945,795,114
796,773,C-3312-2407-A112,2407,Plafond,10,43.0,102.0625,50,3.150077160493827,10,0,0,,949,796,114
791,761,C-3312-2400-A1,2400,Mur,10,17.5,102.0625,20,3.150077160493827,5,0,0,,911,791,114
793,775,C-3312-2408-A112,2408,Plafond,10,17.5,130.0,20,4.012345679012346,5,0,0,,925,793,114
797,796,C-3312-2422-A1,2422,Mur,10,43.0,64.75,20,1.998456790123457,5,0,0,,959,797,114
798,738,C-3312-2088-A1,2088,Mur,10,34.0,120.0,75,3.7037037037037037,30,0,0,,966,798,115
800,784,C-3312-2414-A112,2414,Plafond,10,43.0,111.5,60,3.441358024691358,25,0,1,,1011,800,115
801,753,C-3312-2197-A8,2197,Coin,10,33.75,114.0,45,3.5185185185185186,10,0,0,,1014,801,115
803,748,C-3312-2177-A8,2177,Coin,10,33.75,114.0,45,3.5185185185185186,10,0,0,,1046,803,115
804,740,C-3312-2092-A8,2092,Coin,10,33.75,149.875,45,4.625771604938272,10,0,0,,1063,804,115
799,774,C-3312-2408-A1,2408,Mur,10,17.5,130.0,20,4.012345679012346,5,0,0,,994,799,115
802,787,C-3312-2416-A1,2416,Mur,10,17.5,130.0,20,4.012345679012346,5,0,0,,1016,802,115
805,785,C-3312-2415-A1,2415,Mur,10,43.0,111.5,20,3.441358024691358,5,0,0,,1088,805,116
806,790,C-3312-2418-A1,2418,Mur,10,43.0,130.0,20,4.012345679012346,5,0,0,,1093,806,116
810,884,C-3312-3398-A112,3398,Plafond,11,43.0,116.125,60,3.5841049382716053,25,0,1,,18,810,116
811,876,C-3312-3391-A112,3391,Plafond,11,48.1875,61.0,60,1.8827160493827162,25,0,1,,35,811,116
807,871,C-3312-3387-A112,3387,Plafond,11,43.0,96.9375,50,2.9918981481481484,10,0,0,,6,807,116
809,855,C-3312-3309-A112,3309,Plafond,11,43.0,113.0,50,3.4876543209876543,10,0,0,,17,809,116
808,807,C-3312-3031-A1,3031,Mur,11,43.0,120.0,25,3.7037037037037037,5,0,0,,10,808,116
814,810,C-3312-3094-A1,3094,Mur,11,51.875,114.0,70,3.5185185185185186,35,0,0,,60,814,117
815,864,C-3312-3318-A112,3318,Plafond,11,43.0,113.0,60,3.4876543209876543,25,0,1,,81,815,117
818,816,C-3312-3105-A1,3105,Mur,11,28.875,114.0,60,3.5185185185185186,20,0,0,,94,818,117
812,854,C-3312-3308-A112,3308,Plafond,11,43.0,113.0,50,3.4876543209876543,10,0,0,,37,812,117
816,858,C-3312-3312-A112,3312,Plafond,11,43.0,113.0,50,3.4876543209876543,10,0,0,,88,816,117
813,827,C-3312-3128-A1,3128,Mur,11,43.0,114.0,45,3.5185185185185186,10,0,0,,45,813,117
817,828,C-3312-3129-A1,3129,Mur,11,43.0,114.0,45,3.5185185185185186,10,0,0,,92,817,117
821,812,C-3312-3097-A49,3097,Retour,11,43.0,114.0,100,3.5185185185185186,5,0,0,,106,821,118
820,829,C-3312-3130-A1,3130,Mur,11,14.0625,114.0,60,3.5185185185185186,20,0,0,,105,820,118
822,821,C-3312-3120-A1,3120,Mur,11,43.0,114.0,45,3.5185185185185186,10,0,0,,129,822,118
823,825,C-3312-3126-A1,3126,Mur,11,20.8125,114.0,45,3.5185185185185186,10,0,0,,173,823,118
824,823,C-3312-3122-A1,3122,Mur,11,43.0,114.0,45,3.5185185185185186,10,0,0,,188,824,118
819,831,C-3312-3137-A1,3137,Mur,11,43.0,114.0,40,3.5185185185185186,15,0,0,,100,819,118
825,843,C-3312-3156-A1,3156,Mur,11,35.4375,114.0,25,3.5185185185185186,5,0,0,,202,825,118
827,817,C-3312-3106-A1,3106,Mur,11,43.0,114.0,75,3.5185185185185186,30,0,0,,245,827,119
831,860,C-3312-3314-A112,3314,Plafond,11,43.0,113.0,60,3.4876543209876543,25,0,1,,295,831,119
832,832,C-3312-3141-A1,3141,Mur,11,24.3125,114.0,55,3.5185185185185186,25,0,0,,296,832,119
826,845,C-3312-3301-A112,3301,Plafond,11,43.0,113.0,50,3.4876543209876543,10,0,0,,242,826,119
828,851,C-3312-3305-A112,3305,Plafond,11,43.0,113.0,50,3.4876543209876543,10,0,0,,246,828,119
830,822,C-3312-3121-A1,3121,Mur,11,43.0,114.0,45,3.5185185185185186,10,0,0,,279,830,119
829,849,C-3312-3304-A1,3304,Mur,11,43.0,113.0,20,3.4876543209876543,5,0,0,,271,829,119
834,881,C-3312-3395-A112,3395,Plafond,11,43.0,80.1875,60,2.474922839506173,25,0,1,,336,834,120
838,869,C-3312-3386-A112,3386,Plafond,11,43.0,96.9375,60,2.9918981481481484,25,0,1,,363,838,120
833,826,C-3312-3127-A1,3127,Mur,11,43.0,114.0,55,3.5185185185185186,25,0,0,,323,833,120
835,863,C-3312-3317-A112,3317,Plafond,11,43.0,113.0,50,3.4876543209876543,10,0,0,,338,835,120
836,850,C-3312-3304-A112,3304,Plafond,11,43.0,113.0,50,3.4876543209876543,10,0,0,,344,836,120
839,833,C-3312-3143-A1,3143,Mur,11,16.125,114.0,40,3.5185185185185186,15,0,0,,370,839,120
837,839,C-3312-3152-A1,3152,Mur,11,43.0,114.0,25,3.5185185185185186,5,0,0,,351,837,120
841,808,C-3312-3091-A49,3091,Retour,11,43.0,114.0,100,3.5185185185185186,5,0,0,,441,841,121
842,842,C-3312-3155-A1,3155,Mur,11,43.0,114.0,55,3.5185185185185186,25,0,0,,442,842,121
843,866,C-3312-3319-A112,3319,Plafond,11,36.8125,113.0,50,3.4876543209876543,10,0,0,,449,843,121
846,861,C-3312-3315-A112,3315,Plafond,11,43.0,113.0,50,3.4876543209876543,10,0,0,,530,846,121
840,820,C-3312-3119-A1,3119,Mur,11,15.625,114.0,40,3.5185185185185186,15,0,0,,390,840,121
844,840,C-3312-3153-A1,3153,Mur,11,43.0,114.0,25,3.5185185185185186,5,0,0,,453,844,121
845,867,C-3312-3385-A1,3385,Mur,11,31.0,96.9375,20,2.9918981481481484,5,0,0,,512,845,121
848,856,C-3312-3310-A112,3310,Plafond,11,43.0,113.0,60,3.4876543209876543,25,0,1,,596,848,122
850,857,C-3312-3311-A112,3311,Plafond,11,43.0,113.0,50,3.4876543209876543,10,0,0,,610,850,122
853,859,C-3312-3313-A112,3313,Plafond,11,43.0,113.0,50,3.4876543209876543,10,0,0,,643,853,122
851,877,C-3312-3392-A1,3392,Mur,11,24.0625,80.1875,25,2.474922839506173,5,0,0,,617,851,122
852,835,C-3312-3145-A1,3145,Mur,11,43.0,114.0,25,3.5185185185185186,5,0,0,,628,852,122
847,847,C-3312-3303-A1,3303,Mur,11,43.0,113.0,20,3.4876543209876543,5,0,0,,563,847,122
849,844,C-3312-3301-A1,3301,Mur,11,43.0,113.0,20,3.4876543209876543,5,0,0,,608,849,122
855,837,C-3312-3148-A1,3148,Mur,11,15.25,114.0,70,3.5185185185185186,35,0,0,,657,855,123
860,882,C-3312-3396-A112,3396,Plafond,11,43.0,80.1875,60,2.474922839506173,25,0,1,,723,860,123
854,874,C-3312-3389-A112,3389,Plafond,11,43.0,96.9375,50,2.9918981481481484,10,0,0,,650,854,123
857,848,C-3312-3303-A112,3303,Plafond,11,43.0,113.0,50,3.4876543209876543,10,0,0,,679,857,123
859,853,C-3312-3307-A112,3307,Plafond,11,43.0,113.0,50,3.4876543209876543,10,0,0,,705,859,123
858,813,C-3312-3099-A1,3099,Mur,11,12.0,114.0,40,3.5185185185185186,15,0,0,,693,858,123
856,811,C-3312-3096-A1,3096,Mur,11,5.375,114.0,25,3.5185185185185186,5,0,0,,678,856,123
861,879,C-3312-3393-A112,3393,Plafond,11,43.0,80.1875,60,2.474922839506173,25,0,1,,736,861,124
867,880,C-3312-3394-A112,3394,Plafond,11,43.0,80.1875,50,2.474922839506173,10,0,0,,799,867,124
864,824,C-3312-3123-A1,3123,Mur,11,43.0,114.0,40,3.5185185185185186,15,0,0,,754,864,124
866,834,C-3312-3144-A1,3144,Mur,11,20.75,114.0,25,3.5185185185185186,5,0,0,,760,866,124
862,865,C-3312-3319-A1,3319,Mur,11,38.8125,113.0,20,3.4876543209876543,5,0,0,,743,862,124
863,870,C-3312-3387-A1,3387,Mur,11,43.0,96.9375,20,2.9918981481481484,5,0,0,,749,863,124
865,873,C-3312-3389-A1,3389,Mur,11,43.0,96.9375,20,2.9918981481481484,5,0,0,,755,865,124
872,809,C-3312-3092-A49,3092,Retour,11,43.0,114.0,100,3.5185185185185186,5,0,0,,869,872,125
874,815,C-3312-3104-A49,3104,Retour,11,43.0,114.0,100,3.5185185185185186,5,0,0,,896,874,125
870,838,C-3312-3150-A1,3150,Mur,11,43.0,114.0,85,3.5185185185185186,45,0,0,,831,870,125
868,841,C-3312-3154-A1,3154,Mur,11,46.4375,114.0,55,3.5185185185185186,25,0,0,,800,868,125
871,868,C-3312-3385-A112,3385,Plafond,11,31.0,96.9375,50,2.9918981481481484,10,0,0,,859,871,125
873,883,C-3312-3397-A112,3397,Plafond,11,43.0,80.1875,50,2.474922839506173,10,0,0,,872,873,125
869,885,C-3312-3399-A112,3399,Plafond,11,12.125,116.125,20,3.5841049382716053,5,0,0,,818,869,125
878,836,C-3312-3146-A1,3146,Mur,11,43.0,114.0,70,3.5185185185185186,35,0,0,,991,878,126
877,846,C-3312-3302-A112,3302,Plafond,11,43.0,113.0,60,3.4876543209876543,25,0,1,,979,877,126
881,852,C-3312-3306-A112,3306,Plafond,11,43.0,113.0,60,3.4876543209876543,25,0,1,,1010,881,126
879,862,C-3312-3316-A112,3316,Plafond,11,43.0,113.0,50,3.4876543209876543,10,0,0,,996,879,126
876,818,C-3312-3115-A1,3115,Mur,11,16.8215,114.0,45,3.5185185185185186,10,0,0,,977,876,126
880,830,C-3312-3134-A1,3134,Mur,11,43.0,114.0,25,3.5185185185185186,5,0,0,,1002,880,126
875,878,C-3312-3392-A112,3392,Plafond,11,24.0625,80.1875,20,2.474922839506173,5,0,0,,948,875,126
883,814,C-3312-3103-A49,3103,Retour,11,43.0,114.0,100,3.5185185185185186,5,0,0,,1025,883,127
882,819,C-3312-3116-A1,3116,Mur,11,19.875,114.0,75,3.5185185185185186,30,0,0,,1015,882,127
884,875,C-3312-3390-A112,3390,Plafond,11,43.0,96.9375,60,2.9918981481481484,25,0,1,,1067,884,127
885,872,C-3312-3388-A112,3388,Plafond,11,43.0,96.9375,60,2.9918981481481484,25,0,1,,1078,885,127
886,957,C-3312-3365-A112,3365,Plafond,12,43.0,44.5625,50,1.3753858024691359,10,0,0,,12,886,127
887,913,C-3312-3320-A112,3320,Plafond,12,13.5625,88.25,20,2.7237654320987654,5,0,0,,23,887,127
888,929,C-3312-3331-A1,3331,Mur,12,13.5625,123.3125,20,3.8059413580246915,5,0,0,,28,888,127
891,917,C-3312-3323-A112,3323,Plafond,12,43.0,88.25,60,2.7237654320987654,25,0,1,,107,891,128
892,958,C-3312-3366-A112,3366,Plafond,12,43.0,44.5625,60,1.3753858024691359,25,0,1,,117,892,128
895,924,C-3312-3327-A112,3327,Plafond,12,43.0,75.0,60,2.314814814814815,25,0,1,,146,895,128
889,916,C-3312-3322-A112,3322,Plafond,12,43.0,88.25,50,2.7237654320987654,10,0,0,,38,889,128
893,923,C-3312-3326-A112,3326,Plafond,12,43.0,75.0,50,2.314814814814815,10,0,0,,132,893,128
894,962,C-3312-3368-A112,3368,Plafond,12,39.75,117.0,50,3.611111111111111,10,0,0,,143,894,128
890,969,C-3312-3374-A1,3374,Mur,12,24.125,29.0,25,0.8950617283950618,5,0,0,,104,890,128
900,910,C-3312-3113-A1,3113,Mur,12,28.5,114.0,60,3.5185185185185186,20,0,0,,187,900,129
901,933,C-3312-3333-A112,3333,Plafond,12,43.0,123.0,60,3.7962962962962963,25,0,1,,200,901,129
899,964,C-3312-3370-A112,3370,Plafond,12,43.0,117.0,50,3.611111111111111,10,0,0,,163,899,129
896,902,C-3312-3075-A1,3075,Mur,12,22.125,120.0,25,3.7037037037037037,5,0,0,,147,896,129
898,967,C-3312-3373-A1,3373,Mur,12,29.0,99.875,25,3.0825617283950617,5,0,0,,157,898,129
897,912,C-3312-3320-A1,3320,Mur,12,13.5625,88.25,20,2.7237654320987654,5,0,0,,153,897,129
902,934,C-3312-3334-A1,3334,Mur,12,43.0,123.3125,20,3.8059413580246915,5,0,0,,201,902,129
904,925,C-3312-3328-A112,3328,Plafond,12,43.0,75.0,50,2.314814814814815,10,0,0,,231,904,130
906,906,C-3312-3089-A8,3089,Coin,12,33.75,120.0,45,3.7037037037037037,10,0,0,,256,906,130
908,894,C-3312-3056-A1,3056,Mur,12,43.0,120.0,45,3.7037037037037037,10,0,0,,276,908,130
903,903,C-3312-3077-A1,3077,Mur,12,22.25,120.0,25,3.7037037037037037,5,0,0,,229,903,130
905,950,C-3312-3361-A1,3361,Mur,12,22.0,108.25,20,3.3410493827160495,5,0,0,,252,905,130
907,959,C-3312-3367-A1,3367,Mur,12,43.0,44.5625,20,1.3753858024691359,5,0,0,,270,907,130
909,960,C-3312-3367-A112,3367,Plafond,12,22.0,44.5625,20,1.3753858024691359,5,0,0,,277,909,130
911,900,C-3312-3071-A1,3071,Mur,12,43.0,120.0,110,3.7037037037037037,25,0,0,,317,911,131
912,898,C-3312-3063-A1,3063,Mur,12,43.0,120.0,60,3.7037037037037037,20,0,0,,325,912,131
913,941,C-3312-3354-A112,3354,Plafond,12,43.0,72.0,50,2.2222222222222223,10,0,0,,326,913,131
914,938,C-3312-3352-A112,3352,Plafond,12,29.3125,72.0,50,2.2222222222222223,10,0,0,,343,914,131
916,966,C-3312-3372-A112,3372,Plafond,12,43.0,117.0,50,3.611111111111111,10,0,0,,349,916,131
915,927,C-3312-3330-A1,3330,Mur,12,36.4375,72.5,25,2.2376543209876543,5,0,0,,345,915,131
910,947,C-3312-3359-A1,3359,Mur,12,43.0,108.25,20,3.3410493827160495,5,0,0,,284,910,131
920,911,C-3312-3114-A49,3114,Retour,12,43.0,114.0,100,3.5185185185185186,5,0,0,,409,920,132
923,909,C-3312-3111-A49,3111,Retour,12,43.0,114.0,100,3.5185185185185186,5,0,0,,466,923,132
918,949,C-3312-3360-A112,3360,Plafond,12,43.0,108.25,60,3.3410493827160495,25,0,1,,373,918,132
921,914,C-3312-3321-A112,3321,Plafond,12,43.0,88.25,60,2.7237654320987654,25,0,1,,425,921,132
919,932,C-3312-3332-A112,3332,Plafond,12,43.0,123.0,50,3.7962962962962963,10,0,0,,406,919,132
917,970,C-3312-3374-A112,3374,Plafond,12,24.125,28.625,20,0.8834876543209877,5,0,0,,360,917,132
922,944,C-3312-3357-A1,3357,Mur,12,43.0,108.25,20,3.3410493827160495,5,0,0,,459,922,132
924,946,C-3312-3358-A112,3358,Plafond,12,43.0,108.25,60,3.3410493827160495,25,0,1,,470,924,133
925,943,C-3312-3356-A112,3356,Plafond,12,43.0,108.25,60,3.3410493827160495,25,0,1,,477,925,133
930,952,C-3312-3362-A112,3362,Plafond,12,43.0,44.5625,60,1.3753858024691359,25,0,1,,539,930,133
927,948,C-3312-3359-A112,3359,Plafond,12,43.0,108.25,50,3.3410493827160495,10,0,0,,516,927,133
926,953,C-3312-3363-A1,3363,Mur,12,43.0,44.5625,20,1.3753858024691359,5,0,0,,498,926,133
928,922,C-3312-3326-A1,3326,Mur,12,43.0,75.3125,20,2.32445987654321,5,0,0,,528,928,133
929,940,C-3312-3354-A1,3354,Mur,12,43.0,72.0,20,2.2222222222222223,5,0,0,,536,929,133
935,897,C-3312-3062-A1,3062,Mur,12,16.5,120.0,75,3.7037037037037037,30,0,0,,665,935,134
937,935,C-3312-3334-A112,3334,Plafond,12,43.0,123.0,50,3.7962962962962963,10,0,0,,689,937,134
932,905,C-3312-3088-A8,3088,Coin,12,33.75,120.0,45,3.7037037037037037,10,0,0,,558,932,134
931,918,C-3312-3324-A1,3324,Mur,12,43.0,88.25,20,2.7237654320987654,5,0,0,,547,931,134
933,930,C-3312-3331-A112,3331,Plafond,12,13.5625,123.0,20,3.7962962962962963,5,0,0,,566,933,134
934,920,C-3312-3325-A1,3325,Mur,12,13.5625,75.3125,20,2.32445987654321,5,0,0,,594,934,134
936,956,C-3312-3365-A1,3365,Mur,12,43.0,44.5625,20,1.3753858024691359,5,0,0,,667,936,134
942,901,C-3312-3072-A1,3072,Mur,12,43.0,120.0,110,3.7037037037037037,25,0,0,,772,942,135
941,886,C-3312-3035-A1,3035,Mur,12,43.0,120.0,75,3.7037037037037037,30,0,0,,756,941,135
938,963,C-3312-3369-A112,3369,Plafond,12,43.0,117.0,60,3.611111111111111,25,0,1,,691,938,135
939,955,C-3312-3364-A112,3364,Plafond,12,43.0,44.5625,50,1.3753858024691359,10,0,0,,733,939,135
940,904,C-3312-3078-A8,3078,Coin,12,33.75,120.0,45,3.7037037037037037,10,0,0,,735,940,135
943,931,C-3312-3332-A1,3332,Mur,12,43.0,123.3125,25,3.8059413580246915,5,0,0,,773,943,135
944,892,C-3312-3052-A1,3052,Mur,12,10.5,120.0,25,3.7037037037037037,5,0,0,,779,944,135
949,908,C-3312-3110-A49,3110,Retour,12,43.0,114.0,100,3.5185185185185186,5,0,0,,873,949,136
950,893,C-3312-3054-A1,3054,Mur,12,45.3125,120.0,85,3.7037037037037037,45,0,0,,882,950,136
951,889,C-3312-3038-A1,3038,Mur,12,23.125,120.0,65,3.7037037037037037,25,0,0,,883,951,136
945,919,C-3312-3324-A112,3324,Plafond,12,43.0,88.25,50,2.7237654320987654,10,0,0,,782,945,136
946,890,C-3312-3039-A8,3039,Coin,12,33.75,120.0,45,3.7037037037037037,10,0,0,,791,946,136
947,888,C-3312-3037-A1,3037,Mur,12,43.0,120.0,40,3.7037037037037037,15,0,0,,793,947,136
948,915,C-3312-3322-A1,3322,Mur,12,43.0,88.25,20,2.7237654320987654,5,0,0,,864,948,136
957,907,C-3312-3109-A1,3109,Mur,12,28.5,114.0,90,3.5185185185185186,40,0,0,,936,957,137
954,965,C-3312-3371-A112,3371,Plafond,12,43.0,117.0,60,3.611111111111111,25,0,1,,899,954,137
958,936,C-3312-3335-A112,3335,Plafond,12,43.0,123.0,60,3.7962962962962963,25,0,1,,943,958,137
952,899,C-3312-3064-A1,3064,Mur,12,43.0,120.0,50,3.7037037037037037,15,0,0,,886,952,137
955,954,C-3312-3363-A112,3363,Plafond,12,43.0,44.5625,50,1.3753858024691359,10,0,0,,906,955,137
956,945,C-3312-3357-A112,3357,Plafond,12,43.0,108.25,50,3.3410493827160495,10,0,0,,918,956,137
953,961,C-3312-3368-A1,3368,Mur,12,39.75,117.3125,25,3.6207561728395063,5,0,0,,893,953,137
961,887,C-3312-3036-A1,3036,Mur,12,43.0,120.0,65,3.7037037037037037,25,0,0,,978,961,138
959,926,C-3312-3329-A112,3329,Plafond,12,43.0,75.1875,60,2.320601851851852,25,0,1,,957,959,138
965,939,C-3312-3353-A112,3353,Plafond,12,43.0,72.0,60,2.2222222222222223,25,0,1,,1028,965,138
962,968,C-3312-3373-A112,3373,Plafond,12,29.0,103.875,50,3.2060185185185186,10,0,0,,985,962,138
963,895,C-3312-3057-A1,3057,Mur,12,26.5,120.0,40,3.7037037037037037,15,0,0,,1012,963,138
960,891,C-3312-3043-A1,3043,Mur,12,17.75,113.875,25,3.5146604938271606,5,0,0,,969,960,138
964,921,C-3312-3325-A112,3325,Plafond,12,12.625,75.0,20,2.314814814814815,5,0,0,,1022,964,138
968,942,C-3312-3355-A112,3355,Plafond,12,43.0,72.0,60,2.2222222222222223,25,0,1,,1056,968,139
967,928,C-3312-3330-A112,3330,Plafond,12,36.4375,72.5,50,2.2376543209876543,10,0,0,,1053,967,139
970,896,C-3312-3060-A1,3060,Mur,12,40.8125,120.0,45,3.7037037037037037,10,0,0,,1086,970,139
966,937,C-3312-3352-A1,3352,Mur,12,29.3125,72.0,20,2.2222222222222223,5,0,0,,1049,966,139
969,951,C-3312-3361-A112,3361,Plafond,12,22.0,108.25,20,3.3410493827160495,5,0,0,,1071,969,139
971,1004,C-3312-3339-A112,3339,Plafond,13,48.0,104.375,60,3.2214506172839505,25,0,1,,16,971,139
972,1018,C-3312-3351-A112,3351,Plafond,13,48.9375,49.875,60,1.5393518518518519,25,0,1,,48,972,139
976,1028,C-3312-3381-A112,3381,Plafond,13,41.125,116.25,60,3.5879629629629632,25,0,1,,98,976,140
973,1020,C-3312-3375-A112,3375,Plafond,13,36.25,56.125,50,1.7322530864197532,10,0,0,,51,973,140
974,999,C-3312-3161-A1,3161,Mur,13,43.0,150.0,40,4.62962962962963,15,0,0,,71,974,140
975,979,C-3312-3015-A1,3015,Mur,13,11.375,120.0,40,3.7037037037037037,15,0,0,,96,975,140
978,974,C-3312-3005-A1,3005,Mur,13,43.0,120.0,40,3.7037037037037037,15,0,0,,174,978,140
977,973,C-3312-3004-A1,3004,Mur,13,12.0625,120.0,25,3.7037037037037037,5,0,0,,166,977,140
979,993,C-3312-3050-A1,3050,Mur,13,43.0,120.0,25,3.7037037037037037,5,0,0,,198,979,140
981,1007,C-3312-3341-A112,3341,Plafond,13,43.0,104.375,60,3.2214506172839505,25,0,1,,319,981,141
984,1017,C-3312-3350-A112,3350,Plafond,13,48.9375,116.25,60,3.5879629629629632,25,0,1,,357,984,141
985,988,C-3312-3045-A1,3045,Mur,13,43.0,120.0,55,3.7037037037037037,25,0,0,,380,985,141
983,1027,C-3312-3380-A112,3380,Plafond,13,28.5,116.25,50,3.5879629629629632,10,0,0,,355,983,141
986,994,C-3312-3067-A8,3067,Coin,13,33.75,120.0,45,3.7037037037037037,10,0,0,,387,986,141
980,991,C-3312-3048-A1,3048,Mur,13,16.625,120.0,25,3.7037037037037037,5,0,0,,244,980,141
982,1000,C-3312-3162-A1,3162,Mur,13,43.0,150.0,25,4.62962962962963,5,0,0,,352,982,141
987,1010,C-3312-3344-A112,3344,Plafond,13,43.0,104.375,60,3.2214506172839505,25,0,1,,399,987,142
988,1012,C-3312-3346-A112,3346,Plafond,13,37.125,151.0625,60,4.662422839506173,25,0,1,,402,988,142
992,1030,C-3312-3383-A112,3383,Plafond,13,29.125,116.25,50,3.5879629629629632,10,0,0,,510,992,142
989,987,C-3312-3044-A1,3044,Mur,13,43.0,120.0,25,3.7037037037037037,5,0,0,,463,989,142
991,985,C-3312-3029-A1,3029,Mur,13,43.0,120.0,25,3.7037037037037037,5,0,0,,471,991,142
990,1032,C-3312-3409-A1,3409,Mur,13,13.0,36.25,20,1.1188271604938271,5,0,0,,465,990,142
993,1033,C-3312-3409-A112,3409,Plafond,13,13.0,36.25,20,1.1188271604938271,5,0,0,,515,993,142
998,1015,C-3312-3349-A1,3349,Mur,13,43.0,151.0625,65,4.662422839506173,5,0,0,,587,998,143
1000,1014,C-3312-3348-A112,3348,Plafond,13,43.0,151.0625,60,4.662422839506173,25,0,1,,598,1000,143
995,1016,C-3312-3349-A112,3349,Plafond,13,43.0,151.0625,50,4.662422839506173,10,0,0,,534,995,143
996,1025,C-3312-3378-A112,3378,Plafond,13,43.0,119.75,50,3.6959876543209877,10,0,0,,542,996,143
997,1013,C-3312-3347-A112,3347,Plafond,13,43.0,151.0625,50,4.662422839506173,10,0,0,,561,997,143
999,1022,C-3312-3376-A112,3376,Plafond,13,28.5,119.75,50,3.6959876543209877,10,0,0,,592,999,143
994,977,C-3312-3009-A1,3009,Mur,13,43.0,120.0,40,3.7037037037037037,15,0,0,,517,994,143
1006,1009,C-3312-3343-A112,3343,Plafond,13,43.0,104.375,50,3.2214506172839505,10,0,0,,670,1006,144
1002,975,C-3312-3006-A8,3006,Coin,13,14.0,120.0,45,3.7037037037037037,10,0,0,,614,1002,144
1005,996,C-3312-3082-A8,3082,Coin,13,33.75,120.0,45,3.7037037037037037,10,0,0,,655,1005,144
1001,984,C-3312-3028-A1,3028,Mur,13,43.0,120.0,25,3.7037037037037037,5,0,0,,603,1001,144
1003,971,C-3312-3001-A1,3001,Mur,13,43.0,120.0,25,3.7037037037037037,5,0,0,,649,1003,144
1004,978,C-3312-3013-A1,3013,Mur,13,10.5,120.0,25,3.7037037037037037,5,0,0,,651,1004,144
1007,981,C-3312-3025-A1,3025,Mur,13,25.0,120.0,25,3.7037037037037037,5,0,0,,680,1007,144
1011,992,C-3312-3049-A1,3049,Mur,13,43.0,120.0,70,3.7037037037037037,35,0,0,,720,1011,145
1008,1023,C-3312-3377-A112,3377,Plafond,13,43.0,119.75,60,3.6959876543209877,25,0,1,,686,1008,145
1012,1003,C-3312-3338-A112,3338,Plafond,13,38.0,64.8125,60,2.000385802469136,25,0,1,,748,1012,145
1009,1008,C-3312-3342-A112,3342,Plafond,13,43.0,104.375,50,3.2214506172839505,10,0,0,,711,1009,145
1013,1002,C-3312-3337-A112,3337,Plafond,13,30.375,64.8125,50,2.000385802469136,10,0,0,,758,1013,145
1014,995,C-3312-3081-A8,3081,Coin,13,33.75,120.0,45,3.7037037037037037,10,0,0,,777,1014,145
1010,972,C-3312-3002-A1,3002,Mur,13,28.5,120.0,40,3.7037037037037037,15,0,0,,715,1010,145
1018,976,C-3312-3008-A1,3008,Mur,13,43.0,120.0,100,3.7037037037037037,55,0,0,,878,1018,146
1015,1001,C-3312-3336-A112,3336,Plafond,13,36.0,64.8125,60,2.000385802469136,25,0,1,,797,1015,146
1017,1026,C-3312-3379-A112,3379,Plafond,13,43.0,119.75,60,3.6959876543209877,25,0,1,,835,1017,146
1016,1011,C-3312-3345-A112,3345,Plafond,13,8.3125,104.375,50,3.2214506172839505,10,0,0,,829,1016,146
1019,1029,C-3312-3382-A112,3382,Plafond,13,29.125,116.25,50,3.5879629629629632,10,0,0,,885,1019,146
1020,1006,C-3312-3340-A112,3340,Plafond,13,43.0,104.375,50,3.2214506172839505,10,0,0,,894,1020,146
1021,980,C-3312-3024-A8,3024,Coin,13,33.75,120.0,45,3.7037037037037037,10,0,0,,910,1021,146
1026,1031,C-3312-3384-A112,3384,Plafond,13,29.625,116.25,50,3.5879629629629632,10,0,0,,998,1026,147
1024,983,C-3312-3027-A1,3027,Mur,13,43.0,120.0,45,3.7037037037037037,10,0,0,,974,1024,147
1028,982,C-3312-3026-A1,3026,Mur,13,43.0,120.0,45,3.7037037037037037,10,0,0,,1043,1028,147
1023,989,C-3312-3046-A1,3046,Mur,13,43.0,120.0,40,3.7037037037037037,15,0,0,,968,1023,147
1025,990,C-3312-3047-A1,3047,Mur,13,35.375,120.0,25,3.7037037037037037,5,0,0,,981,1025,147
1022,1024,C-3312-3378-A1,3378,Mur,13,43.0,120.0625,20,3.705632716049383,5,0,0,,923,1022,147
1027,1005,C-3312-3340-A1,3340,Mur,13,43.0,104.375,20,3.2214506172839505,5,0,0,,1036,1027,147
1029,998,C-3312-3160-A1,3160,Mur,13,43.0,150.0,55,4.62962962962963,25,0,0,,1055,1029,148
1030,986,C-3312-3030-A1,3030,Mur,13,43.0,120.0,45,3.7037037037037037,10,0,0,,1064,1030,148
1032,997,C-3312-3083-A1,3083,Mur,13,17.0,120.0,40,3.7037037037037037,15,0,0,,1079,1032,148
1031,1021,C-3312-3376-A1,3376,Mur,13,28.5,120.0625,25,3.705632716049383,5,0,0,,1076,1031,148
1033,1019,C-3312-3375-A1,3375,Mur,13,36.25,56.125,20,1.7322530864197532,5,0,0,,1092,1033,148
1035,1069,C-3312-3246-A1,3246,Mur,14,43.0,114.0,70,3.5185185185185186,35,0,0,,58,1035,148
1034,1081,C-3312-3259-A1,3259,Mur,14,27.0,114.0,40,3.5185185185185186,15,0,0,,1,1034,148
1041,1072,C-3312-3249-A1,3249,Mur,14,43.0,114.0,70,3.5185185185185186,35,0,0,,160,1041,149
1039,1053,C-3312-3223-A1,3223,Mur,14,43.0,150.0,55,4.62962962962963,25,0,0,,138,1039,149
1036,1045,C-3312-3187-A8,3187,Coin,14,33.75,120.0,45,3.7037037037037037,10,0,0,,79,1036,149
1040,1055,C-3312-3225-A1,3225,Mur,14,21.125,150.0,40,4.62962962962963,15,0,0,,141,1040,149
1037,1056,C-3312-3233-A1,3233,Mur,14,43.0,114.0,25,3.5185185185185186,5,0,0,,86,1037,149
1038,1047,C-3312-3201-A1,3201,Mur,14,43.0,150.0,25,4.62962962962963,5,0,0,,108,1038,149
1042,1062,C-3312-3239-A1,3239,Mur,14,43.0,114.0,25,3.5185185185185186,5,0,0,,168,1042,149
1044,1075,C-3312-3252-A49,3252,Retour,14,43.0,114.0,100,3.5185185185185186,5,0,0,,185,1044,150
1043,1096,C-3312-3407-A112,3407,Plafond,14,43.0,126.625,60,3.908179012345679,25,0,1,,179,1043,150
1046,1088,C-3312-3402-A112,3402,Plafond,14,43.0,126.625,50,3.908179012345679,10,0,0,,212,1046,150
1048,1076,C-3312-3253-A8,3253,Coin,14,33.75,120.0,45,3.7037037037037037,10,0,0,,215,1048,150
1047,1037,C-3312-3171-A1,3171,Mur,14,43.0,150.0,40,4.62962962962963,15,0,0,,214,1047,150
1045,1068,C-3312-3245-A1,3245,Mur,14,43.0,114.0,25,3.5185185185185186,5,0,0,,192,1045,150
1049,1061,C-3312-3238-A1,3238,Mur,14,43.0,114.0,25,3.5185185185185186,5,0,0,,247,1049,150
1050,1063,C-3312-3240-A49,3240,Retour,14,43.0,114.0,100,3.5185185185185186,5,0,0,,260,1050,151
1053,1036,C-3312-3170-A1,3170,Mur,14,43.0,150.0,55,4.62962962962963,25,0,0,,268,1053,151
1055,1094,C-3312-3406-A112,3406,Plafond,14,43.0,126.625,50,3.908179012345679,10,0,0,,340,1055,151
1052,1079,C-3312-3256-A8,3256,Coin,14,33.75,120.0,45,3.7037037037037037,10,0,0,,263,1052,151
1054,1078,C-3312-3255-A1,3255,Mur,14,43.0,114.0,25,3.5185185185185186,5,0,0,,330,1054,151
1056,1073,C-3312-3250-A1,3250,Mur,14,43.0,114.0,25,3.5185185185185186,5,0,0,,354,1056,151
1051,1095,C-3312-3407-A1,3407,Mur,14,43.0,126.625,20,3.908179012345679,5,0,0,,261,1051,151
1058,1065,C-3312-3241-A8,3241,Coin,14,33.75,120.0,45,3.7037037037037037,10,0,0,,382,1058,152
1063,1034,C-3312-3166-A8,3166,Coin,14,33.75,120.0,45,3.7037037037037037,10,0,0,,485,1063,152
1057,1051,C-3312-3221-A1,3221,Mur,14,28.875,150.0,25,4.62962962962963,5,0,0,,359,1057,152
1061,1057,C-3312-3234-A1,3234,Mur,14,43.0,114.0,25,3.5185185185185186,5,0,0,,445,1061,152
1062,1083,C-3312-3264-A1,3264,Mur,14,5.0,114.0,25,3.5185185185185186,5,0,0,,474,1062,152
1059,1097,C-3312-3408-A1,3408,Mur,14,43.0,126.625,20,3.908179012345679,5,0,0,,428,1059,152
1060,1084,C-3312-3400-A1,3400,Mur,14,34.75,126.625,20,3.908179012345679,5,0,0,,436,1060,152
1070,1059,C-3312-3236-A49,3236,Retour,14,43.0,114.0,100,3.5185185185185186,5,0,0,,676,1070,153
1068,1089,C-3312-3403-A112,3403,Plafond,14,36.625,126.625,60,3.908179012345679,25,0,1,,575,1068,153
1064,1043,C-3312-3186-A8,3186,Coin,14,33.75,120.0,45,3.7037037037037037,10,0,0,,499,1064,153
1065,1039,C-3312-3181-A1,3181,Mur,14,43.0,150.0,40,4.62962962962963,15,0,0,,504,1065,153
1066,1042,C-3312-3185-A1,3185,Mur,14,21.125,150.0,25,4.62962962962963,5,0,0,,505,1066,153
1067,1064,C-3312-3241-A1,3241,Mur,14,32.5,114.0,25,3.5185185185185186,5,0,0,,532,1067,153
1069,1082,C-3312-3263-A1,3263,Mur,14,19.5,114.0,25,3.5185185185185186,5,0,0,,597,1069,153
1076,1060,C-3312-3237-A49,3237,Retour,14,43.0,114.0,100,3.5185185185185186,5,0,0,,834,1076,154
1072,1052,C-3312-3222-A1,3222,Mur,14,43.0,150.0,55,4.62962962962963,25,0,0,,768,1072,154
1071,1091,C-3312-3404-A112,3404,Plafond,14,43.0,126.625,50,3.908179012345679,10,0,0,,712,1071,154
1074,1050,C-3312-3220-A8,3220,Coin,14,33.75,120.0,45,3.7037037037037037,10,0,0,,813,1074,154
1075,1066,C-3312-3242-A1,3242,Mur,14,27.375,114.0,40,3.5185185185185186,15,0,0,,824,1075,154
1073,1074,C-3312-3251-A1,3251,Mur,14,43.0,114.0,25,3.5185185185185186,5,0,0,,801,1073,154
1077,1090,C-3312-3404-A1,3404,Mur,14,43.0,126.625,20,3.908179012345679,5,0,0,,847,1077,154
1083,1092,C-3312-3405-A112,3405,Plafond,14,43.0,126.625,60,3.908179012345679,25,0,1,,912,1083,155
1082,1054,C-3312-3224-A8,3224,Coin,14,33.75,120.0,45,3.7037037037037037,10,0,0,,905,1082,155
1084,1067,C-3312-3244-A8,3244,Coin,14,33.75,120.0,45,3.7037037037037037,10,0,0,,920,1084,155
1079,1080,C-3312-3257-A1,3257,Mur,14,21.875,114.0,40,3.5185185185185186,15,0,0,,877,1079,155
1078,1077,C-3312-3254-A1,3254,Mur,14,43.0,114.0,25,3.5185185185185186,5,0,0,,849,1078,155
1080,1041,C-3312-3183-A1,3183,Mur,14,32.75,150.0,25,4.62962962962963,5,0,0,,881,1080,155
1081,1093,C-3312-3406-A1,3406,Mur,14,43.0,126.625,20,3.908179012345679,5,0,0,,903,1081,155
1091,1046,C-3312-3200-A1,3200,Mur,14,43.0,150.0,85,4.62962962962963,45,0,0,,1024,1091,156
1089,1085,C-3312-3400-A112,3400,Plafond,14,36.625,126.625,50,3.908179012345679,10,0,0,,964,1089,156
1090,1049,C-3312-3213-A8,3213,Coin,14,33.75,120.0,45,3.7037037037037037,10,0,0,,1004,1090,156
1086,1040,C-3312-3182-A1,3182,Mur,14,43.0,150.0,40,4.62962962962963,15,0,0,,950,1086,156
1087,1058,C-3312-3235-A1,3235,Mur,14,43.0,114.0,40,3.5185185185185186,15,0,0,,952,1087,156
1085,1038,C-3312-3176-A1,3176,Mur,14,43.0,150.0,25,4.62962962962963,5,0,0,,926,1085,156
1088,1070,C-3312-3247-A1,3247,Mur,14,43.0,114.0,25,3.5185185185185186,5,0,0,,955,1088,156
1093,1086,C-3312-3401-A112,3401,Plafond,14,43.0,126.625,60,3.908179012345679,25,0,1,,1033,1093,157
1094,1035,C-3312-3169-A1,3169,Mur,14,43.0,150.0,55,4.62962962962963,25,0,0,,1037,1094,157
1098,1098,C-3312-3408-A112,3408,Plafond,14,43.0,126.625,50,3.908179012345679,10,0,0,,1070,1098,157
1092,1048,C-3312-3208-A1,3208,Mur,14,15.6875,150.0,40,4.62962962962963,15,0,0,,1031,1092,157
1096,1044,C-3312-3187-A1,3187,Mur,14,37.1875,150.0,25,4.62962962962963,5,0,0,,1048,1096,157
1097,1071,C-3312-3248-A1,3248,Mur,14,43.0,114.0,25,3.5185185185185186,5,0,0,,1057,1097,157
1095,1087,C-3312-3402-A1,3402,Mur,14,43.0,126.625,20,3.908179012345679,5,0,0,,1047,1095,157
